[array([array([ 0.        ,  0.8660254 ,  0.5       ,  0.        ,  0.70505403]),
       array([  0.       ,   0.8660254,   0.5      ,  10.       ]),
       array([ 0.16073151]),
       array([  0.        ,   0.8660254 ,   0.5       ,  10.        ,   0.88959507])], dtype=object), array([array([ 0.8660254 ,  0.        ,  0.5       ,  0.        ,  0.70505403]),
       array([  0.8660254,   0.       ,   0.5      ,  10.       ]),
       array([ 0.16185275]),
       array([  0.8660254,   0.       ,   0.5      ,  10.       ,   0.8907163])], dtype=object), array([array([-0.8660254 ,  0.        ,  0.5       ,  0.        ,  0.70505403]),
       array([ -0.8660254,   0.       ,   0.5      ,  10.       ]),
       array([ 0.15912641]),
       array([ -0.8660254 ,   0.        ,   0.5       ,  10.        ,   0.88798997])], dtype=object), array([array([ 0.        , -0.8660254 ,  0.5       ,  0.        ,  0.70505403]),
       array([  0.       ,  -0.8660254,   0.5      ,  10.       ]),
       array([ 0.15431353]),
       array([  0.        ,  -0.8660254 ,   0.5       ,  10.        ,   0.88317708])], dtype=object), array([array([-0.61237244, -0.61237244,  0.5       ,  0.        ,  0.70505403]),
       array([ -0.61237244,  -0.61237244,   0.5       ,  10.        ]),
       array([ 0.15736458]),
       array([ -0.61237244,  -0.61237244,   0.5       ,  10.        ,   0.88622814])], dtype=object), array([array([ 0.61237244, -0.61237244,  0.5       ,  0.        ,  0.70505403]),
       array([  0.61237244,  -0.61237244,   0.5       ,  10.        ]),
       array([ 0.15428539]),
       array([  0.61237244,  -0.61237244,   0.5       ,  10.        ,   0.88314895])], dtype=object), array([ array([  0.        ,   0.8660254 ,   0.5       ,  10.        ,   0.88959507]),
       array([  0.       ,   0.8660254,   0.5      ,  20.       ]),
       array([-0.02527316]),
       array([  0.        ,   0.8660254 ,   0.5       ,  20.        ,   0.88813143])], dtype=object), array([array([  0.8660254,   0.       ,   0.5      ,  10.       ,   0.8907163]),
       array([  0.8660254,   0.       ,   0.5      ,  20.       ]),
       array([-0.02495729]),
       array([  0.8660254 ,   0.        ,   0.5       ,  20.        ,   0.88956854])], dtype=object), array([ array([ -0.8660254 ,   0.        ,   0.5       ,  10.        ,   0.88798997]),
       array([ -0.8660254,   0.       ,   0.5      ,  20.       ]),
       array([-0.02274053]),
       array([ -0.8660254 ,   0.        ,   0.5       ,  20.        ,   0.88905896])], dtype=object), array([ array([  0.        ,  -0.8660254 ,   0.5       ,  10.        ,   0.88317708]),
       array([  0.       ,  -0.8660254,   0.5      ,  20.       ]),
       array([-0.00488752]),
       array([  0.        ,  -0.8660254 ,   0.5       ,  20.        ,   0.90209909])], dtype=object), array([ array([ -0.61237244,  -0.61237244,   0.5       ,  10.        ,   0.88622814]),
       array([ -0.61237244,  -0.61237244,   0.5       ,  20.        ]),
       array([-0.02930078]),
       array([ -0.61237244,  -0.61237244,   0.5       ,  20.        ,   0.88073688])], dtype=object), array([ array([  0.61237244,  -0.61237244,   0.5       ,  10.        ,   0.88314895]),
       array([  0.61237244,  -0.61237244,   0.5       ,  20.        ]),
       array([-0.01200316]),
       array([  0.61237244,  -0.61237244,   0.5       ,  20.        ,   0.89495531])], dtype=object), array([ array([  0.        ,   0.8660254 ,   0.5       ,  20.        ,   0.88813143]),
       array([  0.       ,   0.8660254,   0.5      ,  30.       ]),
       array([ 0.01377969]),
       array([  0.        ,   0.8660254 ,   0.5       ,  30.        ,   0.92572065])], dtype=object), array([ array([  0.8660254 ,   0.        ,   0.5       ,  20.        ,   0.88956854]),
       array([  0.8660254,   0.       ,   0.5      ,  30.       ]),
       array([-0.02826554]),
       array([  0.8660254 ,   0.        ,   0.5       ,  30.        ,   0.88511253])], dtype=object), array([ array([ -0.8660254 ,   0.        ,   0.5       ,  20.        ,   0.88905896]),
       array([ -0.8660254,   0.       ,   0.5      ,  30.       ]),
       array([-0.0173192]),
       array([ -0.8660254 ,   0.        ,   0.5       ,  30.        ,   0.89554929])], dtype=object), array([ array([  0.        ,  -0.8660254 ,   0.5       ,  20.        ,   0.90209909]),
       array([  0.       ,  -0.8660254,   0.5      ,  30.       ]),
       array([-0.01889778]),
       array([  0.        ,  -0.8660254 ,   0.5       ,  30.        ,   0.90701083])], dtype=object), array([ array([ -0.61237244,  -0.61237244,   0.5       ,  20.        ,   0.88073688]),
       array([ -0.61237244,  -0.61237244,   0.5       ,  30.        ]),
       array([-0.01151287]),
       array([ -0.61237244,  -0.61237244,   0.5       ,  30.        ,   0.89303353])], dtype=object), array([ array([  0.61237244,  -0.61237244,   0.5       ,  20.        ,   0.89495531]),
       array([  0.61237244,  -0.61237244,   0.5       ,  30.        ]),
       array([-0.02337228]),
       array([  0.61237244,  -0.61237244,   0.5       ,  30.        ,   0.89539256])], dtype=object), array([ array([  0.        ,   0.8660254 ,   0.5       ,  30.        ,   0.92572065]),
       array([  0.       ,   0.8660254,   0.5      ,  40.       ]),
       array([-0.02077776]),
       array([  0.        ,   0.8660254 ,   0.5       ,  40.        ,   0.92875241])], dtype=object), array([ array([  0.8660254 ,   0.        ,   0.5       ,  30.        ,   0.88511253]),
       array([  0.8660254,   0.       ,   0.5      ,  40.       ]),
       array([-0.00468337]),
       array([  0.8660254 ,   0.        ,   0.5       ,  40.        ,   0.90423869])], dtype=object), array([ array([ -0.8660254 ,   0.        ,   0.5       ,  30.        ,   0.89554929]),
       array([ -0.8660254,   0.       ,   0.5      ,  40.       ]),
       array([-0.01265742]),
       array([ -0.8660254 ,   0.        ,   0.5       ,  40.        ,   0.90670139])], dtype=object), array([ array([  0.        ,  -0.8660254 ,   0.5       ,  30.        ,   0.90701083]),
       array([  0.       ,  -0.8660254,   0.5      ,  40.       ]),
       array([-0.01852966]),
       array([  0.       ,  -0.8660254,   0.5      ,  40.       ,   0.9122907])], dtype=object), array([ array([ -0.61237244,  -0.61237244,   0.5       ,  30.        ,   0.89303353]),
       array([ -0.61237244,  -0.61237244,   0.5       ,  40.        ]),
       array([-0.01177168]),
       array([ -0.61237244,  -0.61237244,   0.5       ,  40.        ,   0.90507137])], dtype=object), array([ array([  0.61237244,  -0.61237244,   0.5       ,  30.        ,   0.89539256]),
       array([  0.61237244,  -0.61237244,   0.5       ,  40.        ]),
       array([-0.01568919]),
       array([  0.61237244,  -0.61237244,   0.5       ,  40.        ,   0.90351289])], dtype=object), array([ array([  0.        ,   0.8660254 ,   0.5       ,  40.        ,   0.92875241]),
       array([  0.       ,   0.8660254,   0.5      ,  50.       ]),
       array([-0.02815704]),
       array([  0.       ,   0.8660254,   0.5      ,  50.       ,   0.9244049])], dtype=object), array([ array([  0.8660254 ,   0.        ,   0.5       ,  40.        ,   0.90423869]),
       array([  0.8660254,   0.       ,   0.5      ,  50.       ]),
       array([-0.01327792]),
       array([  0.8660254 ,   0.        ,   0.5       ,  50.        ,   0.91477029])], dtype=object), array([ array([ -0.8660254 ,   0.        ,   0.5       ,  40.        ,   0.90670139]),
       array([ -0.8660254,   0.       ,   0.5      ,  50.       ]),
       array([-0.01002995]),
       array([ -0.8660254 ,   0.        ,   0.5       ,  50.        ,   0.92048096])], dtype=object), array([array([  0.       ,  -0.8660254,   0.5      ,  40.       ,   0.9122907]),
       array([  0.       ,  -0.8660254,   0.5      ,  50.       ]),
       array([-0.00431042]),
       array([  0.       ,  -0.8660254,   0.5      ,  50.       ,   0.9317898])], dtype=object), array([ array([ -0.61237244,  -0.61237244,   0.5       ,  40.        ,   0.90507137]),
       array([ -0.61237244,  -0.61237244,   0.5       ,  50.        ]),
       array([-0.00151657]),
       array([ -0.61237244,  -0.61237244,   0.5       ,  50.        ,   0.92736432])], dtype=object), array([ array([  0.61237244,  -0.61237244,   0.5       ,  40.        ,   0.90351289]),
       array([  0.61237244,  -0.61237244,   0.5       ,  50.        ]),
       array([-0.01393941]),
       array([  0.61237244,  -0.61237244,   0.5       ,  50.        ,   0.91338301])], dtype=object), array([array([  0.       ,   0.8660254,   0.5      ,  50.       ,   0.9244049]),
       array([  0.       ,   0.8660254,   0.5      ,  60.       ]),
       array([-0.02470731]),
       array([  0.        ,   0.8660254 ,   0.5       ,  60.        ,   0.92350711])], dtype=object), array([ array([  0.8660254 ,   0.        ,   0.5       ,  50.        ,   0.91477029]),
       array([  0.8660254,   0.       ,   0.5      ,  60.       ]),
       array([-0.01959061]),
       array([  0.8660254,   0.       ,   0.5      ,  60.       ,   0.9189892])], dtype=object), array([ array([ -0.8660254 ,   0.        ,   0.5       ,  50.        ,   0.92048096]),
       array([ -0.8660254,   0.       ,   0.5      ,  60.       ]),
       array([-0.02117963]),
       array([ -0.8660254 ,   0.        ,   0.5       ,  60.        ,   0.92311086])], dtype=object), array([array([  0.       ,  -0.8660254,   0.5      ,  50.       ,   0.9317898]),
       array([  0.       ,  -0.8660254,   0.5      ,  60.       ]),
       array([-0.00671735]),
       array([  0.        ,  -0.8660254 ,   0.5       ,  60.        ,   0.94888198])], dtype=object), array([ array([ -0.61237244,  -0.61237244,   0.5       ,  50.        ,   0.92736432]),
       array([ -0.61237244,  -0.61237244,   0.5       ,  60.        ]),
       array([-0.01686829]),
       array([ -0.61237244,  -0.61237244,   0.5       ,  60.        ,   0.93430555])], dtype=object), array([ array([  0.61237244,  -0.61237244,   0.5       ,  50.        ,   0.91338301]),
       array([  0.61237244,  -0.61237244,   0.5       ,  60.        ]),
       array([-0.01652831]),
       array([  0.61237244,  -0.61237244,   0.5       ,  60.        ,   0.92066422])], dtype=object), array([ array([  0.        ,   0.8660254 ,   0.5       ,  60.        ,   0.92350711]),
       array([  0.       ,   0.8660254,   0.5      ,  70.       ]),
       array([-0.02353786]),
       array([  0.        ,   0.8660254 ,   0.5       ,  70.        ,   0.92377877])], dtype=object), array([array([  0.8660254,   0.       ,   0.5      ,  60.       ,   0.9189892]),
       array([  0.8660254,   0.       ,   0.5      ,  70.       ]),
       array([-0.02161527]),
       array([  0.8660254 ,   0.        ,   0.5       ,  70.        ,   0.92118345])], dtype=object), array([ array([ -0.8660254 ,   0.        ,   0.5       ,  60.        ,   0.92311086]),
       array([ -0.8660254,   0.       ,   0.5      ,  70.       ]),
       array([-0.01986309]),
       array([ -0.8660254 ,   0.        ,   0.5       ,  70.        ,   0.92705729])], dtype=object), array([ array([  0.        ,  -0.8660254 ,   0.5       ,  60.        ,   0.94888198]),
       array([  0.       ,  -0.8660254,   0.5      ,  70.       ]),
       array([-0.02269482]),
       array([  0.        ,  -0.8660254 ,   0.5       ,  70.        ,   0.94999668])], dtype=object), array([ array([ -0.61237244,  -0.61237244,   0.5       ,  60.        ,   0.93430555]),
       array([ -0.61237244,  -0.61237244,   0.5       ,  70.        ]),
       array([-0.01892488]),
       array([ -0.61237244,  -0.61237244,   0.5       ,  70.        ,   0.9391902 ])], dtype=object), array([ array([  0.61237244,  -0.61237244,   0.5       ,  60.        ,   0.92066422]),
       array([  0.61237244,  -0.61237244,   0.5       ,  70.        ]),
       array([-0.0151579]),
       array([  0.61237244,  -0.61237244,   0.5       ,  70.        ,   0.92931585])], dtype=object), array([ array([  0.        ,   0.8660254 ,   0.5       ,  70.        ,   0.92377877]),
       array([  0.       ,   0.8660254,   0.5      ,  80.       ]),
       array([-0.02975972]),
       array([  0.        ,   0.8660254 ,   0.5       ,  80.        ,   0.91782858])], dtype=object), array([ array([  0.8660254 ,   0.        ,   0.5       ,  70.        ,   0.92118345]),
       array([  0.8660254,   0.       ,   0.5      ,  80.       ]),
       array([-0.02534229]),
       array([  0.8660254 ,   0.        ,   0.5       ,  80.        ,   0.91965069])], dtype=object), array([ array([ -0.8660254 ,   0.        ,   0.5       ,  70.        ,   0.92705729]),
       array([ -0.8660254,   0.       ,   0.5      ,  80.       ]),
       array([-0.01900066]),
       array([ -0.8660254 ,   0.        ,   0.5       ,  80.        ,   0.93186616])], dtype=object), array([ array([  0.        ,  -0.8660254 ,   0.5       ,  70.        ,   0.94999668]),
       array([  0.       ,  -0.8660254,   0.5      ,  80.       ]),
       array([-0.02284401]),
       array([  0.       ,  -0.8660254,   0.5      ,  80.       ,   0.9509622])], dtype=object), array([ array([ -0.61237244,  -0.61237244,   0.5       ,  70.        ,   0.9391902 ]),
       array([ -0.61237244,  -0.61237244,   0.5       ,  80.        ]),
       array([-0.01992186]),
       array([ -0.61237244,  -0.61237244,   0.5       ,  80.        ,   0.94307786])], dtype=object), array([ array([  0.61237244,  -0.61237244,   0.5       ,  70.        ,   0.92931585]),
       array([  0.61237244,  -0.61237244,   0.5       ,  80.        ]),
       array([-0.02293263]),
       array([  0.61237244,  -0.61237244,   0.5       ,  80.        ,   0.93019274])], dtype=object), array([ array([  0.        ,   0.8660254 ,   0.5       ,  80.        ,   0.91782858]),
       array([  0.       ,   0.8660254,   0.5      ,  90.       ]),
       array([-0.01695108]),
       array([  0.        ,   0.8660254 ,   0.5       ,  90.        ,   0.92468702])], dtype=object), array([ array([  0.8660254 ,   0.        ,   0.5       ,  80.        ,   0.91965069]),
       array([  0.8660254,   0.       ,   0.5      ,  90.       ]),
       array([-0.02246725]),
       array([  0.8660254 ,   0.        ,   0.5       ,  90.        ,   0.92099296])], dtype=object), array([ array([ -0.8660254 ,   0.        ,   0.5       ,  80.        ,   0.93186616]),
       array([ -0.8660254,   0.       ,   0.5      ,  90.       ]),
       array([-0.02476358]),
       array([ -0.8660254,   0.       ,   0.5      ,  90.       ,   0.9309121])], dtype=object), array([array([  0.       ,  -0.8660254,   0.5      ,  80.       ,   0.9509622]),
       array([  0.       ,  -0.8660254,   0.5      ,  90.       ]),
       array([-0.02510457]),
       array([  0.        ,  -0.8660254 ,   0.5       ,  90.        ,   0.94966715])], dtype=object), array([ array([ -0.61237244,  -0.61237244,   0.5       ,  80.        ,   0.94307786]),
       array([ -0.61237244,  -0.61237244,   0.5       ,  90.        ]),
       array([-0.01703186]),
       array([ -0.61237244,  -0.61237244,   0.5       ,  90.        ,   0.94985552])], dtype=object), array([ array([  0.61237244,  -0.61237244,   0.5       ,  80.        ,   0.93019274]),
       array([  0.61237244,  -0.61237244,   0.5       ,  90.        ]),
       array([-0.01792041]),
       array([  0.61237244,  -0.61237244,   0.5       ,  90.        ,   0.93608185])], dtype=object), array([ array([  0.        ,   0.8660254 ,   0.5       ,  90.        ,   0.92468702]),
       array([   0.       ,    0.8660254,    0.5      ,  100.       ]),
       array([-0.00940481]),
       array([   0.        ,    0.8660254 ,    0.5       ,  100.        ,
          0.93909174])], dtype=object), array([ array([  0.8660254 ,   0.        ,   0.5       ,  90.        ,   0.92099296]),
       array([   0.8660254,    0.       ,    0.5      ,  100.       ]),
       array([-0.0207424]),
       array([   0.8660254 ,    0.        ,    0.5       ,  100.        ,
          0.92406009])], dtype=object), array([array([ -0.8660254,   0.       ,   0.5      ,  90.       ,   0.9309121]),
       array([  -0.8660254,    0.       ,    0.5      ,  100.       ]),
       array([-0.02289887]),
       array([  -0.8660254 ,    0.        ,    0.5       ,  100.        ,
          0.93182276])], dtype=object), array([ array([  0.        ,  -0.8660254 ,   0.5       ,  90.        ,   0.94966715]),
       array([   0.       ,   -0.8660254,    0.5      ,  100.       ]),
       array([-0.02830854]),
       array([   0.        ,   -0.8660254 ,    0.5       ,  100.        ,
          0.94516813])], dtype=object), array([ array([ -0.61237244,  -0.61237244,   0.5       ,  90.        ,   0.94985552]),
       array([  -0.61237244,   -0.61237244,    0.5       ,  100.        ]),
       array([-0.02003187]),
       array([  -0.61237244,   -0.61237244,    0.5       ,  100.        ,
          0.95363317])], dtype=object), array([ array([  0.61237244,  -0.61237244,   0.5       ,  90.        ,   0.93608185]),
       array([   0.61237244,   -0.61237244,    0.5       ,  100.        ]),
       array([-0.02266256]),
       array([   0.61237244,   -0.61237244,    0.5       ,  100.        ,
          0.93722881])], dtype=object), array([ array([   0.        ,    0.8660254 ,    0.5       ,  100.        ,
          0.93909174]),
       array([   0.       ,    0.8660254,    0.5      ,  110.       ]),
       array([-0.01753521]),
       array([   0.        ,    0.8660254 ,    0.5       ,  110.        ,
          0.94536605])], dtype=object), array([ array([   0.8660254 ,    0.        ,    0.5       ,  100.        ,
          0.92406009]),
       array([   0.8660254,    0.       ,    0.5      ,  110.       ]),
       array([-0.02202197]),
       array([   0.8660254 ,    0.        ,    0.5       ,  110.        ,
          0.92584764])], dtype=object), array([ array([  -0.8660254 ,    0.        ,    0.5       ,  100.        ,
          0.93182276]),
       array([  -0.8660254,    0.       ,    0.5      ,  110.       ]),
       array([-0.01707806]),
       array([  -0.8660254 ,    0.        ,    0.5       ,  110.        ,
          0.93855423])], dtype=object), array([ array([   0.        ,   -0.8660254 ,    0.5       ,  100.        ,
          0.94516813]),
       array([   0.       ,   -0.8660254,    0.5      ,  110.       ]),
       array([-0.02318661]),
       array([   0.        ,   -0.8660254 ,    0.5       ,  110.        ,
          0.94579104])], dtype=object), array([ array([  -0.61237244,   -0.61237244,    0.5       ,  100.        ,
          0.95363317]),
       array([  -0.61237244,   -0.61237244,    0.5       ,  110.        ]),
       array([-0.02200107]),
       array([  -0.61237244,   -0.61237244,    0.5       ,  110.        ,
          0.95544162])], dtype=object), array([ array([   0.61237244,   -0.61237244,    0.5       ,  100.        ,
          0.93722881]),
       array([   0.61237244,   -0.61237244,    0.5       ,  110.        ]),
       array([-0.01783338]),
       array([   0.61237244,   -0.61237244,    0.5       ,  110.        ,
          0.94320495])], dtype=object), array([ array([   0.        ,    0.8660254 ,    0.5       ,  110.        ,
          0.94536605]),
       array([   0.       ,    0.8660254,    0.5      ,  120.       ]),
       array([-0.02059099]),
       array([   0.        ,    0.8660254 ,    0.5       ,  120.        ,
          0.94858459])], dtype=object), array([ array([   0.8660254 ,    0.        ,    0.5       ,  110.        ,
          0.92584764]),
       array([   0.8660254,    0.       ,    0.5      ,  120.       ]),
       array([-0.01992176]),
       array([   0.8660254,    0.       ,    0.5      ,  120.       ,    0.9297354])], dtype=object), array([ array([  -0.8660254 ,    0.        ,    0.5       ,  110.        ,
          0.93855423]),
       array([  -0.8660254,    0.       ,    0.5      ,  120.       ]),
       array([-0.02801881]),
       array([  -0.8660254 ,    0.        ,    0.5       ,  120.        ,
          0.93434494])], dtype=object), array([ array([   0.        ,   -0.8660254 ,    0.5       ,  110.        ,
          0.94579104]),
       array([   0.       ,   -0.8660254,    0.5      ,  120.       ]),
       array([-0.00555524]),
       array([   0.        ,   -0.8660254 ,    0.5       ,  120.        ,
          0.96404532])], dtype=object), array([ array([  -0.61237244,   -0.61237244,    0.5       ,  110.        ,
          0.95544162]),
       array([  -0.61237244,   -0.61237244,    0.5       ,  120.        ]),
       array([-0.01890009]),
       array([  -0.61237244,   -0.61237244,    0.5       ,  120.        ,
          0.96035106])], dtype=object), array([ array([   0.61237244,   -0.61237244,    0.5       ,  110.        ,
          0.94320495]),
       array([   0.61237244,   -0.61237244,    0.5       ,  120.        ]),
       array([-0.0186253]),
       array([   0.61237244,   -0.61237244,    0.5       ,  120.        ,
          0.94838917])], dtype=object), array([ array([   0.        ,    0.8660254 ,    0.5       ,  120.        ,
          0.94858459]),
       array([   0.       ,    0.8660254,    0.5      ,  130.       ]),
       array([-0.01820534]),
       array([   0.        ,    0.8660254 ,    0.5       ,  130.        ,
          0.95418877])], dtype=object), array([ array([   0.8660254,    0.       ,    0.5      ,  120.       ,    0.9297354]),
       array([   0.8660254,    0.       ,    0.5      ,  130.       ]),
       array([-0.01924902]),
       array([   0.8660254 ,    0.        ,    0.5       ,  130.        ,
          0.93429591])], dtype=object), array([ array([  -0.8660254 ,    0.        ,    0.5       ,  120.        ,
          0.93434494]),
       array([  -0.8660254,    0.       ,    0.5      ,  130.       ]),
       array([-0.02019504]),
       array([  -0.8660254 ,    0.        ,    0.5       ,  130.        ,
          0.93795943])], dtype=object), array([ array([   0.        ,   -0.8660254 ,    0.5       ,  120.        ,
          0.96404532]),
       array([   0.       ,   -0.8660254,    0.5      ,  130.       ]),
       array([-0.01774821]),
       array([   0.        ,   -0.8660254 ,    0.5       ,  130.        ,
          0.97010664])], dtype=object), array([ array([  -0.61237244,   -0.61237244,    0.5       ,  120.        ,
          0.96035106]),
       array([  -0.61237244,   -0.61237244,    0.5       ,  130.        ]),
       array([-0.02041868]),
       array([  -0.61237244,   -0.61237244,    0.5       ,  130.        ,
          0.9637419 ])], dtype=object), array([ array([   0.61237244,   -0.61237244,    0.5       ,  120.        ,
          0.94838917]),
       array([   0.61237244,   -0.61237244,    0.5       ,  130.        ]),
       array([-0.0228832]),
       array([   0.61237244,   -0.61237244,    0.5       ,  130.        ,
          0.9493155 ])], dtype=object), array([ array([   0.        ,    0.8660254 ,    0.5       ,  130.        ,
          0.95418877]),
       array([   0.       ,    0.8660254,    0.5      ,  140.       ]),
       array([-0.02063117]),
       array([   0.        ,    0.8660254 ,    0.5       ,  140.        ,
          0.95736712])], dtype=object), array([ array([   0.8660254 ,    0.        ,    0.5       ,  130.        ,
          0.93429591]),
       array([   0.8660254,    0.       ,    0.5      ,  140.       ]),
       array([-0.01884692]),
       array([   0.8660254 ,    0.        ,    0.5       ,  140.        ,
          0.93925852])], dtype=object), array([ array([  -0.8660254 ,    0.        ,    0.5       ,  130.        ,
          0.93795943]),
       array([  -0.8660254,    0.       ,    0.5      ,  140.       ]),
       array([-0.01984749]),
       array([  -0.8660254 ,    0.        ,    0.5       ,  140.        ,
          0.94192146])], dtype=object), array([ array([   0.        ,   -0.8660254 ,    0.5       ,  130.        ,
          0.97010664]),
       array([   0.       ,   -0.8660254,    0.5      ,  140.       ]),
       array([-0.02143493]),
       array([   0.        ,   -0.8660254 ,    0.5       ,  140.        ,
          0.97248123])], dtype=object), array([ array([  -0.61237244,   -0.61237244,    0.5       ,  130.        ,
          0.9637419 ]),
       array([  -0.61237244,   -0.61237244,    0.5       ,  140.        ]),
       array([-0.02411998]),
       array([  -0.61237244,   -0.61237244,    0.5       ,  140.        ,
          0.96343145])], dtype=object), array([ array([   0.61237244,   -0.61237244,    0.5       ,  130.        ,
          0.9493155 ]),
       array([   0.61237244,   -0.61237244,    0.5       ,  140.        ]),
       array([-0.02256169]),
       array([   0.61237244,   -0.61237244,    0.5       ,  140.        ,
          0.95056333])], dtype=object), array([ array([   0.        ,    0.8660254 ,    0.5       ,  140.        ,
          0.95736712]),
       array([   0.       ,    0.8660254,    0.5      ,  150.       ]),
       array([-0.02057089]),
       array([   0.        ,    0.8660254 ,    0.5       ,  150.        ,
          0.96060575])], dtype=object), array([ array([   0.8660254 ,    0.        ,    0.5       ,  140.        ,
          0.93925852]),
       array([   0.8660254,    0.       ,    0.5      ,  150.       ]),
       array([-0.02062916]),
       array([   0.8660254 ,    0.        ,    0.5       ,  150.        ,
          0.94243887])], dtype=object), array([ array([  -0.8660254 ,    0.        ,    0.5       ,  140.        ,
          0.94192146]),
       array([  -0.8660254,    0.       ,    0.5      ,  150.       ]),
       array([-0.025195]),
       array([  -0.8660254 ,    0.        ,    0.5       ,  150.        ,
          0.94053599])], dtype=object), array([ array([   0.        ,   -0.8660254 ,    0.5       ,  140.        ,
          0.97248123]),
       array([   0.       ,   -0.8660254,    0.5      ,  150.       ]),
       array([-0.02141986]),
       array([   0.       ,   -0.8660254,    0.5      ,  150.       ,    0.9748709])], dtype=object), array([ array([  -0.61237244,   -0.61237244,    0.5       ,  140.        ,
          0.96343145]),
       array([  -0.61237244,   -0.61237244,    0.5       ,  150.        ]),
       array([-0.02282191]),
       array([  -0.61237244,   -0.61237244,    0.5       ,  150.        ,
          0.96441907])], dtype=object), array([ array([   0.61237244,   -0.61237244,    0.5       ,  140.        ,
          0.95056333]),
       array([   0.61237244,   -0.61237244,    0.5       ,  150.        ]),
       array([-0.02019815]),
       array([   0.61237244,   -0.61237244,    0.5       ,  150.        ,
          0.9541747 ])], dtype=object), array([ array([   0.        ,    0.8660254 ,    0.5       ,  150.        ,
          0.96060575]),
       array([   0.       ,    0.8660254,    0.5      ,  160.       ]),
       array([-0.02111293]),
       array([   0.        ,    0.8660254 ,    0.5       ,  160.        ,
          0.96330235])], dtype=object), array([ array([   0.8660254 ,    0.        ,    0.5       ,  150.        ,
          0.94243887]),
       array([   0.8660254,    0.       ,    0.5      ,  160.       ]),
       array([-0.02111041]),
       array([   0.8660254 ,    0.        ,    0.5       ,  160.        ,
          0.94513798])], dtype=object), array([ array([  -0.8660254 ,    0.        ,    0.5       ,  150.        ,
          0.94053599]),
       array([  -0.8660254,    0.       ,    0.5      ,  160.       ]),
       array([-0.01966365]),
       array([  -0.8660254 ,    0.        ,    0.5       ,  160.        ,
          0.94468186])], dtype=object), array([ array([   0.       ,   -0.8660254,    0.5      ,  150.       ,    0.9748709]),
       array([   0.       ,   -0.8660254,    0.5      ,  160.       ]),
       array([-0.02396977]),
       array([   0.        ,   -0.8660254 ,    0.5       ,  160.        ,
          0.97471065])], dtype=object), array([ array([  -0.61237244,   -0.61237244,    0.5       ,  150.        ,
          0.96441907]),
       array([  -0.61237244,   -0.61237244,    0.5       ,  160.        ]),
       array([-0.02145101]),
       array([  -0.61237244,   -0.61237244,    0.5       ,  160.        ,
          0.96677758])], dtype=object), array([ array([   0.61237244,   -0.61237244,    0.5       ,  150.        ,
          0.9541747 ]),
       array([   0.61237244,   -0.61237244,    0.5       ,  160.        ]),
       array([-0.02101245]),
       array([   0.61237244,   -0.61237244,    0.5       ,  160.        ,
          0.95697177])], dtype=object), array([ array([   0.        ,    0.8660254 ,    0.5       ,  160.        ,
          0.96330235]),
       array([   0.       ,    0.8660254,    0.5      ,  170.       ]),
       array([-0.02116015]),
       array([   0.        ,    0.8660254 ,    0.5       ,  170.        ,
          0.96595173])], dtype=object), array([ array([   0.8660254 ,    0.        ,    0.5       ,  160.        ,
          0.94513798]),
       array([   0.8660254,    0.       ,    0.5      ,  170.       ]),
       array([-0.02111795]),
       array([   0.8660254 ,    0.        ,    0.5       ,  170.        ,
          0.94782956])], dtype=object), array([ array([  -0.8660254 ,    0.        ,    0.5       ,  160.        ,
          0.94468186]),
       array([  -0.8660254,    0.       ,    0.5      ,  170.       ]),
       array([-0.02350159]),
       array([  -0.8660254 ,    0.        ,    0.5       ,  170.        ,
          0.94498979])], dtype=object), array([ array([   0.        ,   -0.8660254 ,    0.5       ,  160.        ,
          0.97471065]),
       array([   0.       ,   -0.8660254,    0.5      ,  170.       ]),
       array([-0.02539543]),
       array([   0.        ,   -0.8660254 ,    0.5       ,  170.        ,
          0.97312474])], dtype=object), array([ array([  -0.61237244,   -0.61237244,    0.5       ,  160.        ,
          0.96677758]),
       array([  -0.61237244,   -0.61237244,    0.5       ,  170.        ]),
       array([-0.02065277]),
       array([  -0.61237244,   -0.61237244,    0.5       ,  170.        ,
          0.96993433])], dtype=object), array([ array([   0.61237244,   -0.61237244,    0.5       ,  160.        ,
          0.95697177]),
       array([   0.61237244,   -0.61237244,    0.5       ,  170.        ]),
       array([-0.02054075]),
       array([   0.61237244,   -0.61237244,    0.5       ,  170.        ,
          0.96024054])], dtype=object), array([ array([   0.        ,    0.8660254 ,    0.5       ,  170.        ,
          0.96595173]),
       array([   0.       ,    0.8660254,    0.5      ,  180.       ]),
       array([-0.02017203]),
       array([   0.        ,    0.8660254 ,    0.5       ,  180.        ,
          0.96958922])], dtype=object), array([ array([   0.8660254 ,    0.        ,    0.5       ,  170.        ,
          0.94782956]),
       array([   0.8660254,    0.       ,    0.5      ,  180.       ]),
       array([-0.02078188]),
       array([   0.8660254,    0.       ,    0.5      ,  180.       ,    0.9508572])], dtype=object), array([ array([  -0.8660254 ,    0.        ,    0.5       ,  170.        ,
          0.94498979]),
       array([  -0.8660254,    0.       ,    0.5      ,  180.       ]),
       array([-0.01832189]),
       array([  -0.8660254 ,    0.        ,    0.5       ,  180.        ,
          0.95047743])], dtype=object), array([ array([   0.        ,   -0.8660254 ,    0.5       ,  170.        ,
          0.97312474]),
       array([   0.       ,   -0.8660254,    0.5      ,  180.       ]),
       array([-0.02435708]),
       array([   0.        ,   -0.8660254 ,    0.5       ,  180.        ,
          0.97257718])], dtype=object), array([ array([  -0.61237244,   -0.61237244,    0.5       ,  170.        ,
          0.96993433]),
       array([  -0.61237244,   -0.61237244,    0.5       ,  180.        ]),
       array([-0.01853488]),
       array([  -0.61237244,   -0.61237244,    0.5       ,  180.        ,
          0.97520897])], dtype=object), array([ array([   0.61237244,   -0.61237244,    0.5       ,  170.        ,
          0.96024054]),
       array([   0.61237244,   -0.61237244,    0.5       ,  180.        ]),
       array([-0.02133948]),
       array([   0.61237244,   -0.61237244,    0.5       ,  180.        ,
          0.96271058])], dtype=object), array([ array([   0.        ,    0.8660254 ,    0.5       ,  180.        ,
          0.96958922]),
       array([   0.       ,    0.8660254,    0.5      ,  190.       ]),
       array([-0.02061108]),
       array([   0.        ,    0.8660254 ,    0.5       ,  190.        ,
          0.97278766])], dtype=object), array([ array([   0.8660254,    0.       ,    0.5      ,  180.       ,    0.9508572]),
       array([   0.8660254,    0.       ,    0.5      ,  190.       ]),
       array([-0.02040813]),
       array([   0.8660254 ,    0.        ,    0.5       ,  190.        ,
          0.95425859])], dtype=object), array([ array([  -0.8660254 ,    0.        ,    0.5       ,  180.        ,
          0.95047743]),
       array([  -0.8660254,    0.       ,    0.5      ,  190.       ]),
       array([-0.01998264]),
       array([  -0.8660254 ,    0.        ,    0.5       ,  190.        ,
          0.95430431])], dtype=object), array([ array([   0.        ,   -0.8660254 ,    0.5       ,  180.        ,
          0.97257718]),
       array([   0.       ,   -0.8660254,    0.5      ,  190.       ]),
       array([-0.01647174]),
       array([   0.        ,   -0.8660254 ,    0.5       ,  190.        ,
          0.97991496])], dtype=object), array([ array([  -0.61237244,   -0.61237244,    0.5       ,  180.        ,
          0.97520897]),
       array([  -0.61237244,   -0.61237244,    0.5       ,  190.        ]),
       array([-0.02230047]),
       array([  -0.61237244,   -0.61237244,    0.5       ,  190.        ,
          0.97671803])], dtype=object), array([ array([   0.61237244,   -0.61237244,    0.5       ,  180.        ,
          0.96271058]),
       array([   0.61237244,   -0.61237244,    0.5       ,  190.        ]),
       array([-0.02359502]),
       array([   0.61237244,   -0.61237244,    0.5       ,  190.        ,
          0.96292509])], dtype=object), array([ array([   0.        ,    0.8660254 ,    0.5       ,  190.        ,
          0.97278766]),
       array([   0.       ,    0.8660254,    0.5      ,  200.       ]),
       array([-0.02090244]),
       array([   0.        ,    0.8660254 ,    0.5       ,  200.        ,
          0.97569475])], dtype=object), array([ array([   0.8660254 ,    0.        ,    0.5       ,  190.        ,
          0.95425859]),
       array([   0.8660254,    0.       ,    0.5      ,  200.       ]),
       array([-0.01996908]),
       array([   0.8660254 ,    0.        ,    0.5       ,  200.        ,
          0.95809904])], dtype=object), array([ array([  -0.8660254 ,    0.        ,    0.5       ,  190.        ,
          0.95430431]),
       array([  -0.8660254,    0.       ,    0.5      ,  200.       ]),
       array([-0.02215128]),
       array([  -0.8660254 ,    0.        ,    0.5       ,  200.        ,
          0.95596256])], dtype=object), array([ array([   0.        ,   -0.8660254 ,    0.5       ,  190.        ,
          0.97991496]),
       array([   0.       ,   -0.8660254,    0.5      ,  200.       ]),
       array([-0.0139585]),
       array([   0.        ,   -0.8660254 ,    0.5       ,  200.        ,
          0.98976599])], dtype=object), array([ array([  -0.61237244,   -0.61237244,    0.5       ,  190.        ,
          0.97671803]),
       array([  -0.61237244,   -0.61237244,    0.5       ,  200.        ]),
       array([-0.02144297]),
       array([  -0.61237244,   -0.61237244,    0.5       ,  200.        ,
          0.97908458])], dtype=object), array([ array([   0.61237244,   -0.61237244,    0.5       ,  190.        ,
          0.96292509]),
       array([   0.61237244,   -0.61237244,    0.5       ,  200.        ]),
       array([-0.02387232]),
       array([   0.61237244,   -0.61237244,    0.5       ,  200.        ,
          0.96286229])], dtype=object), array([ array([   0.        ,    0.8660254 ,    0.5       ,  200.        ,
          0.97569475]),
       array([   0.       ,    0.8660254,    0.5      ,  210.       ]),
       array([-0.02129126]),
       array([   0.        ,    0.8660254 ,    0.5       ,  210.        ,
          0.97821301])], dtype=object), array([ array([   0.8660254 ,    0.        ,    0.5       ,  200.        ,
          0.95809904]),
       array([   0.8660254,    0.       ,    0.5      ,  210.       ]),
       array([-0.01931251]),
       array([   0.8660254 ,    0.        ,    0.5       ,  210.        ,
          0.96259605])], dtype=object), array([ array([  -0.8660254 ,    0.        ,    0.5       ,  200.        ,
          0.95596256]),
       array([  -0.8660254,    0.       ,    0.5      ,  210.       ]),
       array([-0.02260339]),
       array([  -0.8660254 ,    0.        ,    0.5       ,  210.        ,
          0.95716869])], dtype=object), array([ array([   0.        ,   -0.8660254 ,    0.5       ,  200.        ,
          0.98976599]),
       array([   0.       ,   -0.8660254,    0.5      ,  210.       ]),
       array([-0.02116065]),
       array([   0.        ,   -0.8660254 ,    0.5       ,  210.        ,
          0.99241486])], dtype=object), array([ array([  -0.61237244,   -0.61237244,    0.5       ,  200.        ,
          0.97908458]),
       array([  -0.61237244,   -0.61237244,    0.5       ,  210.        ]),
       array([-0.0189679]),
       array([  -0.61237244,   -0.61237244,    0.5       ,  210.        ,
          0.9839262 ])], dtype=object), array([ array([   0.61237244,   -0.61237244,    0.5       ,  200.        ,
          0.96286229]),
       array([   0.61237244,   -0.61237244,    0.5       ,  210.        ]),
       array([-0.02202971]),
       array([   0.61237244,   -0.61237244,    0.5       ,  210.        ,
          0.96464211])], dtype=object), array([ array([   0.        ,    0.8660254 ,    0.5       ,  210.        ,
          0.97821301]),
       array([   0.       ,    0.8660254,    0.5      ,  220.       ]),
       array([-0.0217921]),
       array([   0.        ,    0.8660254 ,    0.5       ,  220.        ,
          0.98023044])], dtype=object), array([ array([   0.8660254 ,    0.        ,    0.5       ,  210.        ,
          0.96259605]),
       array([   0.8660254,    0.       ,    0.5      ,  220.       ]),
       array([-0.01974604]),
       array([   0.8660254 ,    0.        ,    0.5       ,  220.        ,
          0.96665953])], dtype=object), array([ array([  -0.8660254 ,    0.        ,    0.5       ,  210.        ,
          0.95716869]),
       array([  -0.8660254,    0.       ,    0.5      ,  220.       ]),
       array([-0.02156805]),
       array([  -0.8660254 ,    0.        ,    0.5       ,  220.        ,
          0.95941016])], dtype=object), array([ array([   0.        ,   -0.8660254 ,    0.5       ,  210.        ,
          0.99241486]),
       array([   0.       ,   -0.8660254,    0.5      ,  220.       ]),
       array([-0.0237824]),
       array([   0.        ,   -0.8660254 ,    0.5       ,  220.        ,
          0.99244199])], dtype=object), array([ array([  -0.61237244,   -0.61237244,    0.5       ,  210.        ,
          0.9839262 ]),
       array([  -0.61237244,   -0.61237244,    0.5       ,  220.        ]),
       array([-0.02032575]),
       array([  -0.61237244,   -0.61237244,    0.5       ,  220.        ,
          0.98740998])], dtype=object), array([ array([   0.61237244,   -0.61237244,    0.5       ,  210.        ,
          0.96464211]),
       array([   0.61237244,   -0.61237244,    0.5       ,  220.        ]),
       array([-0.02404261]),
       array([   0.61237244,   -0.61237244,    0.5       ,  220.        ,
          0.96440902])], dtype=object), array([ array([   0.        ,    0.8660254 ,    0.5       ,  220.        ,
          0.98023044]),
       array([   0.       ,    0.8660254,    0.5      ,  230.       ]),
       array([-0.02173031]),
       array([   0.        ,    0.8660254 ,    0.5       ,  230.        ,
          0.98230965])], dtype=object), array([ array([   0.8660254 ,    0.        ,    0.5       ,  220.        ,
          0.96665953]),
       array([   0.8660254,    0.       ,    0.5      ,  230.       ]),
       array([-0.02321726]),
       array([   0.8660254,    0.       ,    0.5      ,  230.       ,    0.9672518])], dtype=object), array([ array([  -0.8660254 ,    0.        ,    0.5       ,  220.        ,
          0.95941016]),
       array([  -0.8660254,    0.       ,    0.5      ,  230.       ]),
       array([-0.01992086]),
       array([  -0.8660254 ,    0.        ,    0.5       ,  230.        ,
          0.96329883])], dtype=object), array([ array([   0.        ,   -0.8660254 ,    0.5       ,  220.        ,
          0.99244199]),
       array([   0.       ,   -0.8660254,    0.5      ,  230.       ]),
       array([-0.02285305]),
       array([   0.        ,   -0.8660254 ,    0.5       ,  230.        ,
          0.99339846])], dtype=object), array([ array([  -0.61237244,   -0.61237244,    0.5       ,  220.        ,
          0.98740998]),
       array([  -0.61237244,   -0.61237244,    0.5       ,  230.        ]),
       array([-0.02141383]),
       array([  -0.61237244,   -0.61237244,    0.5       ,  230.        ,
          0.98980567])], dtype=object), array([ array([   0.61237244,   -0.61237244,    0.5       ,  220.        ,
          0.96440902]),
       array([   0.61237244,   -0.61237244,    0.5       ,  230.        ]),
       array([-0.02194632]),
       array([   0.61237244,   -0.61237244,    0.5       ,  230.        ,
          0.96627222])], dtype=object), array([ array([   0.        ,    0.8660254 ,    0.5       ,  230.        ,
          0.98230965]),
       array([   0.       ,    0.8660254,    0.5      ,  240.       ]),
       array([-0.02132944]),
       array([   0.        ,    0.8660254 ,    0.5       ,  240.        ,
          0.98478974])], dtype=object), array([ array([   0.8660254,    0.       ,    0.5      ,  230.       ,    0.9672518]),
       array([   0.8660254,    0.       ,    0.5      ,  240.       ]),
       array([-0.02349053]),
       array([   0.8660254 ,    0.        ,    0.5       ,  240.        ,
          0.96757079])], dtype=object), array([ array([  -0.8660254 ,    0.        ,    0.5       ,  230.        ,
          0.96329883]),
       array([  -0.8660254,    0.       ,    0.5      ,  240.       ]),
       array([-0.02213872]),
       array([  -0.8660254 ,    0.        ,    0.5       ,  240.        ,
          0.96496964])], dtype=object), array([ array([   0.        ,   -0.8660254 ,    0.5       ,  230.        ,
          0.99339846]),
       array([   0.       ,   -0.8660254,    0.5      ,  240.       ]),
       array([-0.024233]),
       array([   0.        ,   -0.8660254 ,    0.5       ,  240.        ,
          0.99297498])], dtype=object), array([ array([  -0.61237244,   -0.61237244,    0.5       ,  230.        ,
          0.98980567]),
       array([  -0.61237244,   -0.61237244,    0.5       ,  240.        ]),
       array([-0.02300527]),
       array([  -0.61237244,   -0.61237244,    0.5       ,  240.        ,
          0.99060993])], dtype=object), array([ array([   0.61237244,   -0.61237244,    0.5       ,  230.        ,
          0.96627222]),
       array([   0.61237244,   -0.61237244,    0.5       ,  240.        ]),
       array([-0.02564209]),
       array([   0.61237244,   -0.61237244,    0.5       ,  240.        ,
          0.96443966])], dtype=object), array([ array([   0.        ,    0.8660254 ,    0.5       ,  240.        ,
          0.98478974]),
       array([   0.       ,    0.8660254,    0.5      ,  250.       ]),
       array([-0.02108881]),
       array([   0.        ,    0.8660254 ,    0.5       ,  250.        ,
          0.98751045])], dtype=object), array([ array([   0.8660254 ,    0.        ,    0.5       ,  240.        ,
          0.96757079]),
       array([   0.8660254,    0.       ,    0.5      ,  250.       ]),
       array([-0.02285255]),
       array([   0.8660254 ,    0.        ,    0.5       ,  250.        ,
          0.96852776])], dtype=object), array([ array([  -0.8660254 ,    0.        ,    0.5       ,  240.        ,
          0.96496964]),
       array([  -0.8660254,    0.       ,    0.5      ,  250.       ]),
       array([-0.02105767]),
       array([  -0.8660254 ,    0.        ,    0.5       ,  250.        ,
          0.96772149])], dtype=object), array([ array([   0.        ,   -0.8660254 ,    0.5       ,  240.        ,
          0.99297498]),
       array([   0.       ,   -0.8660254,    0.5      ,  250.       ]),
       array([-0.02149923]),
       array([   0.        ,   -0.8660254 ,    0.5       ,  250.        ,
          0.99528527])], dtype=object), array([ array([  -0.61237244,   -0.61237244,    0.5       ,  240.        ,
          0.99060993]),
       array([  -0.61237244,   -0.61237244,    0.5       ,  250.        ]),
       array([-0.0221357]),
       array([  -0.61237244,   -0.61237244,    0.5       ,  250.        ,
          0.99228375])], dtype=object), array([ array([   0.61237244,   -0.61237244,    0.5       ,  240.        ,
          0.96443966]),
       array([   0.61237244,   -0.61237244,    0.5       ,  250.        ]),
       array([-0.02043928]),
       array([   0.61237244,   -0.61237244,    0.5       ,  250.        ,
          0.96780991])], dtype=object), array([ array([   0.        ,    0.8660254 ,    0.5       ,  250.        ,
          0.98751045]),
       array([   0.       ,    0.8660254,    0.5      ,  260.       ]),
       array([-0.02122997]),
       array([   0.       ,    0.8660254,    0.5      ,  260.       ,    0.99009  ])], dtype=object), array([ array([   0.8660254 ,    0.        ,    0.5       ,  250.        ,
          0.96852776]),
       array([   0.8660254,    0.       ,    0.5      ,  260.       ]),
       array([-0.02227083]),
       array([   0.8660254 ,    0.        ,    0.5       ,  260.        ,
          0.97006645])], dtype=object), array([ array([  -0.8660254 ,    0.        ,    0.5       ,  250.        ,
          0.96772149]),
       array([  -0.8660254,    0.       ,    0.5      ,  260.       ]),
       array([-0.02124354]),
       array([  -0.8660254 ,    0.        ,    0.5       ,  260.        ,
          0.97028748])], dtype=object), array([ array([   0.        ,   -0.8660254 ,    0.5       ,  250.        ,
          0.99528527]),
       array([   0.       ,   -0.8660254,    0.5      ,  260.       ]),
       array([-0.0194587]),
       array([   0.       ,   -0.8660254,    0.5      ,  260.       ,    0.9996361])], dtype=object), array([ array([  -0.61237244,   -0.61237244,    0.5       ,  250.        ,
          0.99228375]),
       array([  -0.61237244,   -0.61237244,    0.5       ,  260.        ]),
       array([-0.01856452]),
       array([  -0.61237244,   -0.61237244,    0.5       ,  260.        ,
          0.99752875])], dtype=object), array([ array([   0.61237244,   -0.61237244,    0.5       ,  250.        ,
          0.96780991]),
       array([   0.61237244,   -0.61237244,    0.5       ,  260.        ]),
       array([-0.02103556]),
       array([   0.61237244,   -0.61237244,    0.5       ,  260.        ,
          0.97058387])], dtype=object), array([ array([   0.       ,    0.8660254,    0.5      ,  260.       ,    0.99009  ]),
       array([   0.       ,    0.8660254,    0.5      ,  270.       ]),
       array([-0.02146607]),
       array([   0.        ,    0.8660254 ,    0.5       ,  270.        ,
          0.99243345])], dtype=object), array([ array([   0.8660254 ,    0.        ,    0.5       ,  260.        ,
          0.97006645]),
       array([   0.8660254,    0.       ,    0.5      ,  270.       ]),
       array([-0.02151078]),
       array([   0.8660254 ,    0.        ,    0.5       ,  270.        ,
          0.97236519])], dtype=object), array([ array([  -0.8660254 ,    0.        ,    0.5       ,  260.        ,
          0.97028748]),
       array([  -0.8660254,    0.       ,    0.5      ,  270.       ]),
       array([-0.02116768]),
       array([  -0.8660254 ,    0.        ,    0.5       ,  270.        ,
          0.97292933])], dtype=object), array([ array([   0.       ,   -0.8660254,    0.5      ,  260.       ,    0.9996361]),
       array([   0.       ,   -0.8660254,    0.5      ,  270.       ]),
       array([-0.0244541]),
       array([   0.        ,   -0.8660254 ,    0.5       ,  270.        ,
          0.99899153])], dtype=object), array([ array([  -0.61237244,   -0.61237244,    0.5       ,  260.        ,
          0.99752875]),
       array([  -0.61237244,   -0.61237244,    0.5       ,  270.        ]),
       array([-0.02166064]),
       array([  -0.61237244,   -0.61237244,    0.5       ,  270.        ,
          0.99967763])], dtype=object), array([ array([   0.61237244,   -0.61237244,    0.5       ,  260.        ,
          0.97058387]),
       array([   0.61237244,   -0.61237244,    0.5       ,  270.        ]),
       array([-0.01990026]),
       array([   0.61237244,   -0.61237244,    0.5       ,  270.        ,
          0.97449313])], dtype=object), array([ array([   0.        ,    0.8660254 ,    0.5       ,  270.        ,
          0.99243345]),
       array([   0.       ,    0.8660254,    0.5      ,  280.       ]),
       array([-0.02166601]),
       array([   0.        ,    0.8660254 ,    0.5       ,  280.        ,
          0.99457696])], dtype=object), array([ array([   0.8660254 ,    0.        ,    0.5       ,  270.        ,
          0.97236519]),
       array([   0.8660254,    0.       ,    0.5      ,  280.       ]),
       array([-0.02132994]),
       array([   0.8660254 ,    0.        ,    0.5       ,  280.        ,
          0.97484478])], dtype=object), array([ array([  -0.8660254 ,    0.        ,    0.5       ,  270.        ,
          0.97292933]),
       array([  -0.8660254,    0.       ,    0.5      ,  280.       ]),
       array([-0.01731317]),
       array([  -0.8660254 ,    0.        ,    0.5       ,  280.        ,
          0.97942568])], dtype=object), array([ array([   0.        ,   -0.8660254 ,    0.5       ,  270.        ,
          0.99899153]),
       array([   0.       ,   -0.8660254,    0.5      ,  280.       ]),
       array([-0.02387985]),
       array([   0.       ,   -0.8660254,    0.5      ,  280.       ,    0.9989212])], dtype=object), array([ array([  -0.61237244,   -0.61237244,    0.5       ,  270.        ,
          0.99967763]),
       array([  -0.61237244,   -0.61237244,    0.5       ,  280.        ]),
       array([-0.02421532]),
       array([  -0.61237244,   -0.61237244,    0.5       ,  280.        ,
          0.99927184])], dtype=object), array([ array([   0.61237244,   -0.61237244,    0.5       ,  270.        ,
          0.97449313]),
       array([   0.61237244,   -0.61237244,    0.5       ,  280.        ]),
       array([-0.02118275]),
       array([   0.61237244,   -0.61237244,    0.5       ,  280.        ,
          0.9771199 ])], dtype=object), array([ array([   0.        ,    0.8660254 ,    0.5       ,  280.        ,
          0.99457696]),
       array([   0.       ,    0.8660254,    0.5      ,  290.       ]),
       array([-0.02172579]),
       array([   0.       ,    0.8660254,    0.5      ,  290.       ,    0.9966607])], dtype=object), array([ array([   0.8660254 ,    0.        ,    0.5       ,  280.        ,
          0.97484478]),
       array([   0.8660254,    0.       ,    0.5      ,  290.       ]),
       array([-0.02115211]),
       array([   0.8660254 ,    0.        ,    0.5       ,  290.        ,
          0.97750219])], dtype=object), array([ array([  -0.8660254 ,    0.        ,    0.5       ,  280.        ,
          0.97942568]),
       array([  -0.8660254,    0.       ,    0.5      ,  290.       ]),
       array([-0.00915857]),
       array([  -0.8660254 ,    0.        ,    0.5       ,  290.        ,
          0.99407663])], dtype=object), array([ array([   0.       ,   -0.8660254,    0.5      ,  280.       ,    0.9989212]),
       array([   0.       ,   -0.8660254,    0.5      ,  290.       ]),
       array([-0.02421301]),
       array([   0.        ,   -0.8660254 ,    0.5       ,  290.        ,
          0.99851771])], dtype=object), array([ array([  -0.61237244,   -0.61237244,    0.5       ,  280.        ,
          0.99927184]),
       array([  -0.61237244,   -0.61237244,    0.5       ,  290.        ]),
       array([-0.02439174]),
       array([  -0.61237244,   -0.61237244,    0.5       ,  290.        ,
          0.99868962])], dtype=object), array([ array([   0.61237244,   -0.61237244,    0.5       ,  280.        ,
          0.9771199 ]),
       array([   0.61237244,   -0.61237244,    0.5       ,  290.        ]),
       array([-0.02115864]),
       array([   0.61237244,   -0.61237244,    0.5       ,  290.        ,
          0.97977079])], dtype=object), array([ array([   0.       ,    0.8660254,    0.5      ,  290.       ,    0.9966607]),
       array([   0.       ,    0.8660254,    0.5      ,  300.       ]),
       array([-0.02168761]),
       array([   0.        ,    0.8660254 ,    0.5       ,  300.        ,
          0.99878261])], dtype=object), array([ array([   0.8660254 ,    0.        ,    0.5       ,  290.        ,
          0.97750219]),
       array([   0.8660254,    0.       ,    0.5      ,  300.       ]),
       array([-0.02073617]),
       array([   0.8660254 ,    0.        ,    0.5       ,  300.        ,
          0.98057555])], dtype=object), array([ array([  -0.8660254 ,    0.        ,    0.5       ,  290.        ,
          0.99407663]),
       array([  -0.8660254,    0.       ,    0.5      ,  300.       ]),
       array([-0.02485641]),
       array([  -0.8660254 ,    0.        ,    0.5       ,  300.        ,
          0.99302973])], dtype=object), array([ array([   0.        ,   -0.8660254 ,    0.5       ,  290.        ,
          0.99851771]),
       array([   0.       ,   -0.8660254,    0.5      ,  300.       ]),
       array([-0.02441194]),
       array([   0.       ,   -0.8660254,    0.5      ,  300.       ,    0.9979153])], dtype=object), array([ array([  -0.61237244,   -0.61237244,    0.5       ,  290.        ,
          0.99868962]),
       array([  -0.61237244,   -0.61237244,    0.5       ,  300.        ]),
       array([-0.02435336]),
       array([  -0.61237244,   -0.61237244,    0.5       ,  300.        ,
          0.99814578])], dtype=object), array([ array([   0.61237244,   -0.61237244,    0.5       ,  290.        ,
          0.97977079]),
       array([   0.61237244,   -0.61237244,    0.5       ,  300.        ]),
       array([-0.02100944]),
       array([   0.61237244,   -0.61237244,    0.5       ,  300.        ,
          0.98257087])], dtype=object), array([ array([   0.        ,    0.8660254 ,    0.5       ,  300.        ,
          0.99878261]),
       array([   0.       ,    0.8660254,    0.5      ,  310.       ]),
       array([-0.02279002]),
       array([   0.        ,    0.8660254 ,    0.5       ,  310.        ,
          0.99980212])], dtype=object), array([ array([   0.8660254 ,    0.        ,    0.5       ,  300.        ,
          0.98057555]),
       array([   0.8660254,    0.       ,    0.5      ,  310.       ]),
       array([-0.01987715]),
       array([   0.8660254 ,    0.        ,    0.5       ,  310.        ,
          0.98450792])], dtype=object), array([ array([  -0.8660254 ,    0.        ,    0.5       ,  300.        ,
          0.99302973]),
       array([  -0.8660254,    0.       ,    0.5      ,  310.       ]),
       array([-0.02481773]),
       array([  -0.8660254 ,    0.        ,    0.5       ,  310.        ,
          0.99202152])], dtype=object), array([ array([   0.       ,   -0.8660254,    0.5      ,  300.       ,    0.9979153]),
       array([   0.       ,   -0.8660254,    0.5      ,  310.       ]),
       array([-0.02407316]),
       array([   0.        ,   -0.8660254 ,    0.5       ,  310.        ,
          0.99765167])], dtype=object), array([ array([  -0.61237244,   -0.61237244,    0.5       ,  300.        ,
          0.99814578]),
       array([  -0.61237244,   -0.61237244,    0.5       ,  310.        ]),
       array([-0.0239761]),
       array([  -0.61237244,   -0.61237244,    0.5       ,  310.        ,
          0.9979792 ])], dtype=object), array([ array([   0.61237244,   -0.61237244,    0.5       ,  300.        ,
          0.98257087]),
       array([   0.61237244,   -0.61237244,    0.5       ,  310.        ]),
       array([-0.02178507]),
       array([   0.61237244,   -0.61237244,    0.5       ,  310.        ,
          0.98459533])], dtype=object), array([ array([   0.        ,    0.8660254 ,    0.5       ,  310.        ,
          0.99980212]),
       array([   0.       ,    0.8660254,    0.5      ,  320.       ]),
       array([-0.02425611]),
       array([   0.        ,    0.8660254 ,    0.5       ,  320.        ,
          0.99935553])], dtype=object), array([ array([   0.8660254 ,    0.        ,    0.5       ,  310.        ,
          0.98450792]),
       array([   0.8660254,    0.       ,    0.5      ,  320.       ]),
       array([-0.01950089]),
       array([   0.8660254 ,    0.        ,    0.5       ,  320.        ,
          0.98881655])], dtype=object), array([ array([  -0.8660254 ,    0.        ,    0.5       ,  310.        ,
          0.99202152]),
       array([  -0.8660254,    0.       ,    0.5      ,  320.       ]),
       array([-0.02123349]),
       array([  -0.8660254 ,    0.        ,    0.5       ,  320.        ,
          0.99459756])], dtype=object), array([ array([   0.        ,   -0.8660254 ,    0.5       ,  310.        ,
          0.99765167]),
       array([   0.       ,   -0.8660254,    0.5      ,  320.       ]),
       array([-0.0241681]),
       array([   0.        ,   -0.8660254 ,    0.5       ,  320.        ,
          0.99729309])], dtype=object), array([ array([  -0.61237244,   -0.61237244,    0.5       ,  310.        ,
          0.9979792 ]),
       array([  -0.61237244,   -0.61237244,    0.5       ,  320.        ]),
       array([-0.02435075]),
       array([  -0.61237244,   -0.61237244,    0.5       ,  320.        ,
          0.99743797])], dtype=object), array([ array([   0.61237244,   -0.61237244,    0.5       ,  310.        ,
          0.98459533]),
       array([   0.61237244,   -0.61237244,    0.5       ,  320.        ]),
       array([-0.02253859]),
       array([   0.61237244,   -0.61237244,    0.5       ,  320.        ,
          0.98586627])], dtype=object), array([ array([   0.        ,    0.8660254 ,    0.5       ,  320.        ,
          0.99935553]),
       array([   0.       ,    0.8660254,    0.5      ,  330.       ]),
       array([-0.02424667]),
       array([   0.        ,    0.8660254 ,    0.5       ,  330.        ,
          0.99891839])], dtype=object), array([ array([   0.8660254 ,    0.        ,    0.5       ,  320.        ,
          0.98881655]),
       array([   0.8660254,    0.       ,    0.5      ,  330.       ]),
       array([-0.02119933]),
       array([   0.8660254 ,    0.        ,    0.5       ,  330.        ,
          0.99142675])], dtype=object), array([ array([  -0.8660254 ,    0.        ,    0.5       ,  320.        ,
          0.99459756]),
       array([  -0.8660254,    0.       ,    0.5      ,  330.       ]),
       array([-0.02149772]),
       array([  -0.8660254 ,    0.        ,    0.5       ,  330.        ,
          0.99690936])], dtype=object), array([ array([   0.        ,   -0.8660254 ,    0.5       ,  320.        ,
          0.99729309]),
       array([   0.       ,   -0.8660254,    0.5      ,  330.       ]),
       array([-0.02447393]),
       array([   0.        ,   -0.8660254 ,    0.5       ,  330.        ,
          0.99662869])], dtype=object), array([ array([  -0.61237244,   -0.61237244,    0.5       ,  320.        ,
          0.99743797]),
       array([  -0.61237244,   -0.61237244,    0.5       ,  330.        ]),
       array([-0.0243603]),
       array([  -0.61237244,   -0.61237244,    0.5       ,  330.        ,
          0.9968872 ])], dtype=object), array([ array([   0.61237244,   -0.61237244,    0.5       ,  320.        ,
          0.98586627]),
       array([   0.61237244,   -0.61237244,    0.5       ,  330.        ]),
       array([-0.0221136]),
       array([   0.61237244,   -0.61237244,    0.5       ,  330.        ,
          0.98756219])], dtype=object), array([ array([   0.        ,    0.8660254 ,    0.5       ,  330.        ,
          0.99891839]),
       array([   0.       ,    0.8660254,    0.5      ,  340.       ]),
       array([-0.02423139]),
       array([   0.        ,    0.8660254 ,    0.5       ,  340.        ,
          0.99849652])], dtype=object), array([ array([   0.8660254 ,    0.        ,    0.5       ,  330.        ,
          0.99142675]),
       array([   0.8660254,    0.       ,    0.5      ,  340.       ]),
       array([-0.02243108]),
       array([   0.8660254 ,    0.        ,    0.5       ,  340.        ,
          0.99280519])], dtype=object), array([ array([  -0.8660254 ,    0.        ,    0.5       ,  330.        ,
          0.99690936]),
       array([  -0.8660254,    0.       ,    0.5      ,  340.       ]),
       array([-0.02255165]),
       array([  -0.8660254 ,    0.        ,    0.5       ,  340.        ,
          0.99816724])], dtype=object), array([ array([   0.        ,   -0.8660254 ,    0.5       ,  330.        ,
          0.99662869]),
       array([   0.       ,   -0.8660254,    0.5      ,  340.       ]),
       array([-0.02462855]),
       array([   0.        ,   -0.8660254 ,    0.5       ,  340.        ,
          0.99580966])], dtype=object), array([ array([  -0.61237244,   -0.61237244,    0.5       ,  330.        ,
          0.9968872 ]),
       array([  -0.61237244,   -0.61237244,    0.5       ,  340.        ]),
       array([-0.02429559]),
       array([  -0.61237244,   -0.61237244,    0.5       ,  340.        ,
          0.99640113])], dtype=object), array([ array([   0.61237244,   -0.61237244,    0.5       ,  330.        ,
          0.98756219]),
       array([   0.61237244,   -0.61237244,    0.5       ,  340.        ]),
       array([-0.02196993]),
       array([   0.61237244,   -0.61237244,    0.5       ,  340.        ,
          0.98940178])], dtype=object), array([ array([   0.        ,    0.8660254 ,    0.5       ,  340.        ,
          0.99849652]),
       array([   0.       ,    0.8660254,    0.5      ,  350.       ]),
       array([-0.02421733]),
       array([   0.        ,    0.8660254 ,    0.5       ,  350.        ,
          0.99808871])], dtype=object), array([ array([   0.8660254 ,    0.        ,    0.5       ,  340.        ,
          0.99280519]),
       array([   0.8660254,    0.       ,    0.5      ,  350.       ]),
       array([-0.02163185]),
       array([   0.8660254 ,    0.        ,    0.5       ,  350.        ,
          0.99498286])], dtype=object), array([ array([  -0.8660254 ,    0.        ,    0.5       ,  340.        ,
          0.99816724]),
       array([  -0.8660254,    0.       ,    0.5      ,  350.       ]),
       array([-0.02235021]),
       array([  -0.8660254 ,    0.        ,    0.5       ,  350.        ,
          0.99962655])], dtype=object), array([ array([   0.        ,   -0.8660254 ,    0.5       ,  340.        ,
          0.99580966]),
       array([   0.       ,   -0.8660254,    0.5      ,  350.       ]),
       array([-0.02332878]),
       array([   0.        ,   -0.8660254 ,    0.5       ,  350.        ,
          0.99629041])], dtype=object), array([ array([  -0.61237244,   -0.61237244,    0.5       ,  340.        ,
          0.99640113]),
       array([  -0.61237244,   -0.61237244,    0.5       ,  350.        ]),
       array([-0.02452678]),
       array([  -0.61237244,   -0.61237244,    0.5       ,  350.        ,
          0.99568387])], dtype=object), array([ array([   0.61237244,   -0.61237244,    0.5       ,  340.        ,
          0.98940178]),
       array([   0.61237244,   -0.61237244,    0.5       ,  350.        ]),
       array([-0.02250895]),
       array([   0.61237244,   -0.61237244,    0.5       ,  350.        ,
          0.99070236])], dtype=object), array([ array([   0.        ,    0.8660254 ,    0.5       ,  350.        ,
          0.99808871]),
       array([   0.       ,    0.8660254,    0.5      ,  360.       ]),
       array([-0.02420728]),
       array([   0.        ,    0.8660254 ,    0.5       ,  360.        ,
          0.99769095])], dtype=object), array([ array([   0.8660254 ,    0.        ,    0.5       ,  350.        ,
          0.99498286]),
       array([   0.8660254,    0.       ,    0.5      ,  360.       ]),
       array([-0.02240898]),
       array([   0.8660254,    0.       ,    0.5      ,  360.       ,    0.9963834])], dtype=object), array([ array([  -0.8660254 ,    0.        ,    0.5       ,  350.        ,
          0.99962655]),
       array([  -0.8660254,    0.       ,    0.5      ,  360.       ]),
       array([-0.02370992]),
       array([  -0.8660254 ,    0.        ,    0.5       ,  360.        ,
          0.99972616])], dtype=object), array([ array([   0.        ,   -0.8660254 ,    0.5       ,  350.        ,
          0.99629041]),
       array([   0.       ,   -0.8660254,    0.5      ,  360.       ]),
       array([-0.02423531]),
       array([   0.        ,   -0.8660254 ,    0.5       ,  360.        ,
          0.99586462])], dtype=object), array([ array([  -0.61237244,   -0.61237244,    0.5       ,  350.        ,
          0.99568387]),
       array([  -0.61237244,   -0.61237244,    0.5       ,  360.        ]),
       array([-0.02412922]),
       array([  -0.61237244,   -0.61237244,    0.5       ,  360.        ,
          0.99536418])], dtype=object), array([ array([   0.61237244,   -0.61237244,    0.5       ,  350.        ,
          0.99070236]),
       array([   0.61237244,   -0.61237244,    0.5       ,  360.        ]),
       array([-0.02233363]),
       array([   0.61237244,   -0.61237244,    0.5       ,  360.        ,
          0.99217826])], dtype=object), array([ array([   0.        ,    0.8660254 ,    0.5       ,  360.        ,
          0.99769095]),
       array([   0.       ,    0.8660254,    0.5      ,  370.       ]),
       array([-0.02420135]),
       array([   0.        ,    0.8660254 ,    0.5       ,  370.        ,
          0.99729912])], dtype=object), array([ array([   0.8660254,    0.       ,    0.5      ,  360.       ,    0.9963834]),
       array([   0.8660254,    0.       ,    0.5      ,  370.       ]),
       array([-0.02464945]),
       array([   0.8660254 ,    0.        ,    0.5       ,  370.        ,
          0.99554348])], dtype=object), array([ array([  -0.8660254 ,    0.        ,    0.5       ,  360.        ,
          0.99972616]),
       array([  -0.8660254,    0.       ,    0.5      ,  370.       ]),
       array([-0.02447252]),
       array([  -0.8660254 ,    0.        ,    0.5       ,  370.        ,
          0.99906316])], dtype=object), array([ array([   0.        ,   -0.8660254 ,    0.5       ,  360.        ,
          0.99586462]),
       array([   0.       ,   -0.8660254,    0.5      ,  370.       ]),
       array([-0.02467065]),
       array([   0.       ,   -0.8660254,    0.5      ,  370.       ,    0.9950035])], dtype=object), array([ array([  -0.61237244,   -0.61237244,    0.5       ,  360.        ,
          0.99536418]),
       array([  -0.61237244,   -0.61237244,    0.5       ,  370.        ]),
       array([-0.02407858]),
       array([  -0.61237244,   -0.61237244,    0.5       ,  370.        ,
          0.99509512])], dtype=object), array([ array([   0.61237244,   -0.61237244,    0.5       ,  360.        ,
          0.99217826]),
       array([   0.61237244,   -0.61237244,    0.5       ,  370.        ]),
       array([-0.0221136]),
       array([   0.61237244,   -0.61237244,    0.5       ,  370.        ,
          0.99387418])], dtype=object), array([ array([   0.        ,    0.8660254 ,    0.5       ,  370.        ,
          0.99729912]),
       array([   0.       ,    0.8660254,    0.5      ,  380.       ]),
       array([-0.02420105]),
       array([   0.        ,    0.8660254 ,    0.5       ,  380.        ,
          0.99690759])], dtype=object), array([ array([   0.8660254 ,    0.        ,    0.5       ,  370.        ,
          0.99554348]),
       array([   0.8660254,    0.       ,    0.5      ,  380.       ]),
       array([-0.02231052]),
       array([   0.8660254 ,    0.        ,    0.5       ,  380.        ,
          0.99704248])], dtype=object), array([ array([  -0.8660254 ,    0.        ,    0.5       ,  370.        ,
          0.99906316]),
       array([  -0.8660254,    0.       ,    0.5      ,  380.       ]),
       array([-0.02408722]),
       array([  -0.8660254 ,    0.        ,    0.5       ,  380.        ,
          0.99878547])], dtype=object), array([ array([   0.       ,   -0.8660254,    0.5      ,  370.       ,    0.9950035]),
       array([   0.       ,   -0.8660254,    0.5      ,  380.       ]),
       array([-0.0238683]),
       array([   0.        ,   -0.8660254 ,    0.5       ,  380.        ,
          0.99494472])], dtype=object), array([ array([  -0.61237244,   -0.61237244,    0.5       ,  370.        ,
          0.99509512]),
       array([  -0.61237244,   -0.61237244,    0.5       ,  380.        ]),
       array([-0.02430584]),
       array([  -0.61237244,   -0.61237244,    0.5       ,  380.        ,
          0.99459881])], dtype=object), array([ array([   0.61237244,   -0.61237244,    0.5       ,  370.        ,
          0.99387418]),
       array([   0.61237244,   -0.61237244,    0.5       ,  380.        ]),
       array([-0.02176748]),
       array([   0.61237244,   -0.61237244,    0.5       ,  380.        ,
          0.99591622])], dtype=object), array([ array([   0.        ,    0.8660254 ,    0.5       ,  380.        ,
          0.99690759]),
       array([   0.       ,    0.8660254,    0.5      ,  390.       ]),
       array([-0.02419864]),
       array([   0.        ,    0.8660254 ,    0.5       ,  390.        ,
          0.99651847])], dtype=object), array([ array([   0.8660254 ,    0.        ,    0.5       ,  380.        ,
          0.99704248]),
       array([   0.8660254,    0.       ,    0.5      ,  390.       ]),
       array([-0.02153439]),
       array([   0.8660254 ,    0.        ,    0.5       ,  390.        ,
          0.99931761])], dtype=object), array([ array([  -0.8660254 ,    0.        ,    0.5       ,  380.        ,
          0.99878547]),
       array([  -0.8660254,    0.       ,    0.5      ,  390.       ]),
       array([-0.02411184]),
       array([  -0.8660254 ,    0.        ,    0.5       ,  390.        ,
          0.99848315])], dtype=object), array([ array([   0.        ,   -0.8660254 ,    0.5       ,  380.        ,
          0.99494472]),
       array([   0.       ,   -0.8660254,    0.5      ,  390.       ]),
       array([-0.02397108]),
       array([   0.        ,   -0.8660254 ,    0.5       ,  390.        ,
          0.99478317])], dtype=object), array([ array([  -0.61237244,   -0.61237244,    0.5       ,  380.        ,
          0.99459881]),
       array([  -0.61237244,   -0.61237244,    0.5       ,  390.        ]),
       array([-0.02432795]),
       array([  -0.61237244,   -0.61237244,    0.5       ,  390.        ,
          0.99408038])], dtype=object), array([ array([   0.61237244,   -0.61237244,    0.5       ,  380.        ,
          0.99591622]),
       array([   0.61237244,   -0.61237244,    0.5       ,  390.        ]),
       array([-0.02084216]),
       array([   0.61237244,   -0.61237244,    0.5       ,  390.        ,
          0.99888358])], dtype=object), array([ array([   0.        ,    0.8660254 ,    0.5       ,  390.        ,
          0.99651847]),
       array([   0.       ,    0.8660254,    0.5      ,  400.       ]),
       array([-0.02419352]),
       array([   0.        ,    0.8660254 ,    0.5       ,  400.        ,
          0.99613448])], dtype=object), array([ array([   0.8660254 ,    0.        ,    0.5       ,  390.        ,
          0.99931761]),
       array([   0.8660254,    0.       ,    0.5      ,  400.       ]),
       array([-0.02347502]),
       array([   0.8660254 ,    0.        ,    0.5       ,  400.        ,
          0.99965211])], dtype=object), array([ array([  -0.8660254 ,    0.        ,    0.5       ,  390.        ,
          0.99848315]),
       array([  -0.8660254,    0.       ,    0.5      ,  400.       ]),
       array([-0.02422677]),
       array([  -0.8660254,    0.       ,    0.5      ,  400.       ,    0.9980659])], dtype=object), array([ array([   0.        ,   -0.8660254 ,    0.5       ,  390.        ,
          0.99478317]),
       array([   0.       ,   -0.8660254,    0.5      ,  400.       ]),
       array([-0.02445333]),
       array([   0.        ,   -0.8660254 ,    0.5       ,  400.        ,
          0.99413936])], dtype=object), array([ array([  -0.61237244,   -0.61237244,    0.5       ,  390.        ,
          0.99408038]),
       array([  -0.61237244,   -0.61237244,    0.5       ,  400.        ]),
       array([-0.02450849]),
       array([  -0.61237244,   -0.61237244,    0.5       ,  400.        ,
          0.99338142])], dtype=object), array([ array([   0.61237244,   -0.61237244,    0.5       ,  390.        ,
          0.99888358]),
       array([   0.61237244,   -0.61237244,    0.5       ,  400.        ]),
       array([-0.02306068]),
       array([   0.61237244,   -0.61237244,    0.5       ,  400.        ,
          0.99963242])], dtype=object), array([ array([   0.        ,    0.8660254 ,    0.5       ,  400.        ,
          0.99613448]),
       array([   0.       ,    0.8660254,    0.5      ,  410.       ]),
       array([-0.02418377]),
       array([   0.        ,    0.8660254 ,    0.5       ,  410.        ,
          0.99576023])], dtype=object), array([ array([   0.8660254 ,    0.        ,    0.5       ,  400.        ,
          0.99965211]),
       array([   0.8660254,    0.       ,    0.5      ,  410.       ]),
       array([-0.02421773]),
       array([   0.8660254 ,    0.        ,    0.5       ,  410.        ,
          0.99924391])], dtype=object), array([ array([  -0.8660254,    0.       ,    0.5      ,  400.       ,    0.9980659]),
       array([  -0.8660254,    0.       ,    0.5      ,  410.       ]),
       array([-0.02410028]),
       array([  -0.8660254 ,    0.        ,    0.5       ,  410.        ,
          0.99777515])], dtype=object), array([ array([   0.        ,   -0.8660254 ,    0.5       ,  400.        ,
          0.99413936]),
       array([   0.       ,   -0.8660254,    0.5      ,  410.       ]),
       array([-0.02428866]),
       array([   0.        ,   -0.8660254 ,    0.5       ,  410.        ,
          0.99366022])], dtype=object), array([ array([  -0.61237244,   -0.61237244,    0.5       ,  400.        ,
          0.99338142]),
       array([  -0.61237244,   -0.61237244,    0.5       ,  410.        ]),
       array([-0.02445383]),
       array([  -0.61237244,   -0.61237244,    0.5       ,  410.        ,
          0.99273711])], dtype=object), array([ array([   0.61237244,   -0.61237244,    0.5       ,  400.        ,
          0.99963242]),
       array([   0.61237244,   -0.61237244,    0.5       ,  410.        ]),
       array([-0.02447865]),
       array([   0.61237244,   -0.61237244,    0.5       ,  410.        ,
          0.9989633 ])], dtype=object), array([ array([   0.        ,    0.8660254 ,    0.5       ,  410.        ,
          0.99576023]),
       array([   0.       ,    0.8660254,    0.5      ,  420.       ]),
       array([-0.02417433]),
       array([   0.        ,    0.8660254 ,    0.5       ,  420.        ,
          0.99539543])], dtype=object), array([ array([   0.8660254 ,    0.        ,    0.5       ,  410.        ,
          0.99924391]),
       array([   0.8660254,    0.       ,    0.5      ,  420.       ]),
       array([-0.02423762]),
       array([   0.8660254 ,    0.        ,    0.5       ,  420.        ,
          0.99881581])], dtype=object), array([ array([  -0.8660254 ,    0.        ,    0.5       ,  410.        ,
          0.99777515]),
       array([  -0.8660254,    0.       ,    0.5      ,  420.       ]),
       array([-0.02422476]),
       array([  -0.8660254 ,    0.        ,    0.5       ,  420.        ,
          0.99735991])], dtype=object), array([ array([   0.        ,   -0.8660254 ,    0.5       ,  410.        ,
          0.99366022]),
       array([   0.       ,   -0.8660254,    0.5      ,  420.       ]),
       array([-0.0235912]),
       array([   0.        ,   -0.8660254 ,    0.5       ,  420.        ,
          0.99387854])], dtype=object), array([ array([  -0.61237244,   -0.61237244,    0.5       ,  410.        ,
          0.99273711]),
       array([  -0.61237244,   -0.61237244,    0.5       ,  420.        ]),
       array([-0.02412902]),
       array([  -0.61237244,   -0.61237244,    0.5       ,  420.        ,
          0.99241762])], dtype=object), array([ array([   0.61237244,   -0.61237244,    0.5       ,  410.        ,
          0.9989633 ]),
       array([   0.61237244,   -0.61237244,    0.5       ,  420.        ]),
       array([-0.02430624]),
       array([   0.61237244,   -0.61237244,    0.5       ,  420.        ,
          0.99846658])], dtype=object), array([array([ 0.        ,  0.8660254 ,  0.5       ,  0.        ,  0.70505403]),
       array([  0.       ,   0.8660254,   0.5      ,  50.       ]),
       array([ 0.10030325]),
       array([  0.       ,   0.8660254,   0.5      ,  50.       ,   0.9244049])], dtype=object), array([array([ 0.8660254 ,  0.        ,  0.5       ,  0.        ,  0.70505403]),
       array([  0.8660254,   0.       ,   0.5      ,  50.       ]),
       array([ 0.09066863]),
       array([  0.8660254 ,   0.        ,   0.5       ,  50.        ,   0.91477029])], dtype=object), array([array([-0.8660254 ,  0.        ,  0.5       ,  0.        ,  0.70505403]),
       array([ -0.8660254,   0.       ,   0.5      ,  50.       ]),
       array([ 0.09637931]),
       array([ -0.8660254 ,   0.        ,   0.5       ,  50.        ,   0.92048096])], dtype=object), array([array([ 0.        , -0.8660254 ,  0.5       ,  0.        ,  0.70505403]),
       array([  0.       ,  -0.8660254,   0.5      ,  50.       ]),
       array([ 0.10768815]),
       array([  0.       ,  -0.8660254,   0.5      ,  50.       ,   0.9317898])], dtype=object), array([array([-0.61237244, -0.61237244,  0.5       ,  0.        ,  0.70505403]),
       array([ -0.61237244,  -0.61237244,   0.5       ,  50.        ]),
       array([ 0.10326267]),
       array([ -0.61237244,  -0.61237244,   0.5       ,  50.        ,   0.92736432])], dtype=object), array([array([ 0.61237244, -0.61237244,  0.5       ,  0.        ,  0.70505403]),
       array([  0.61237244,  -0.61237244,   0.5       ,  50.        ]),
       array([ 0.08928135]),
       array([  0.61237244,  -0.61237244,   0.5       ,  50.        ,   0.91338301])], dtype=object), array([array([  0.       ,   0.8660254,   0.5      ,  50.       ,   0.9244049]),
       array([   0.       ,    0.8660254,    0.5      ,  100.       ]),
       array([-0.10436078]),
       array([   0.        ,    0.8660254 ,    0.5       ,  100.        ,
          0.93909174])], dtype=object), array([ array([  0.8660254 ,   0.        ,   0.5       ,  50.        ,   0.91477029]),
       array([   0.8660254,    0.       ,    0.5      ,  100.       ]),
       array([-0.10975782]),
       array([   0.8660254 ,    0.        ,    0.5       ,  100.        ,
          0.92406009])], dtype=object), array([ array([ -0.8660254 ,   0.        ,   0.5       ,  50.        ,   0.92048096]),
       array([  -0.8660254,    0.       ,    0.5      ,  100.       ]),
       array([-0.10770583]),
       array([  -0.8660254 ,    0.        ,    0.5       ,  100.        ,
          0.93182276])], dtype=object), array([array([  0.       ,  -0.8660254,   0.5      ,  50.       ,   0.9317898]),
       array([   0.       ,   -0.8660254,    0.5      ,  100.       ]),
       array([-0.1056693]),
       array([   0.        ,   -0.8660254 ,    0.5       ,  100.        ,
          0.94516813])], dtype=object), array([ array([ -0.61237244,  -0.61237244,   0.5       ,  50.        ,   0.92736432]),
       array([  -0.61237244,   -0.61237244,    0.5       ,  100.        ]),
       array([-0.09277877]),
       array([  -0.61237244,   -0.61237244,    0.5       ,  100.        ,
          0.95363317])], dtype=object), array([ array([  0.61237244,  -0.61237244,   0.5       ,  50.        ,   0.91338301]),
       array([   0.61237244,   -0.61237244,    0.5       ,  100.        ]),
       array([-0.09520181]),
       array([   0.61237244,   -0.61237244,    0.5       ,  100.        ,
          0.93722881])], dtype=object), array([ array([   0.        ,    0.8660254 ,    0.5       ,  100.        ,
          0.93909174]),
       array([   0.       ,    0.8660254,    0.5      ,  150.       ]),
       array([-0.09753361]),
       array([   0.        ,    0.8660254 ,    0.5       ,  150.        ,
          0.96060575])], dtype=object), array([ array([   0.8660254 ,    0.        ,    0.5       ,  100.        ,
          0.92406009]),
       array([   0.8660254,    0.       ,    0.5      ,  150.       ]),
       array([-0.10066883]),
       array([   0.8660254 ,    0.        ,    0.5       ,  150.        ,
          0.94243887])], dtype=object), array([ array([  -0.8660254 ,    0.        ,    0.5       ,  100.        ,
          0.93182276]),
       array([  -0.8660254,    0.       ,    0.5      ,  150.       ]),
       array([-0.11033439]),
       array([  -0.8660254 ,    0.        ,    0.5       ,  150.        ,
          0.94053599])], dtype=object), array([ array([   0.        ,   -0.8660254 ,    0.5       ,  100.        ,
          0.94516813]),
       array([   0.       ,   -0.8660254,    0.5      ,  150.       ]),
       array([-0.08934485]),
       array([   0.       ,   -0.8660254,    0.5      ,  150.       ,    0.9748709])], dtype=object), array([ array([  -0.61237244,   -0.61237244,    0.5       ,  100.        ,
          0.95363317]),
       array([  -0.61237244,   -0.61237244,    0.5       ,  150.        ]),
       array([-0.10826173]),
       array([  -0.61237244,   -0.61237244,    0.5       ,  150.        ,
          0.96441907])], dtype=object), array([ array([   0.61237244,   -0.61237244,    0.5       ,  100.        ,
          0.93722881]),
       array([   0.61237244,   -0.61237244,    0.5       ,  150.        ]),
       array([-0.10210173]),
       array([   0.61237244,   -0.61237244,    0.5       ,  150.        ,
          0.9541747 ])], dtype=object), array([ array([   0.        ,    0.8660254 ,    0.5       ,  150.        ,
          0.96060575]),
       array([   0.       ,    0.8660254,    0.5      ,  200.       ]),
       array([-0.10395862]),
       array([   0.        ,    0.8660254 ,    0.5       ,  200.        ,
          0.97569475])], dtype=object), array([ array([   0.8660254 ,    0.        ,    0.5       ,  150.        ,
          0.94243887]),
       array([   0.8660254,    0.       ,    0.5      ,  200.       ]),
       array([-0.10338745]),
       array([   0.8660254 ,    0.        ,    0.5       ,  200.        ,
          0.95809904])], dtype=object), array([ array([  -0.8660254 ,    0.        ,    0.5       ,  150.        ,
          0.94053599]),
       array([  -0.8660254,    0.       ,    0.5      ,  200.       ]),
       array([-0.10362105]),
       array([  -0.8660254 ,    0.        ,    0.5       ,  200.        ,
          0.95596256])], dtype=object), array([ array([   0.       ,   -0.8660254,    0.5      ,  150.       ,    0.9748709]),
       array([   0.       ,   -0.8660254,    0.5      ,  200.       ]),
       array([-0.10415253]),
       array([   0.        ,   -0.8660254 ,    0.5       ,  200.        ,
          0.98976599])], dtype=object), array([ array([  -0.61237244,   -0.61237244,    0.5       ,  150.        ,
          0.96441907]),
       array([  -0.61237244,   -0.61237244,    0.5       ,  200.        ]),
       array([-0.1043821]),
       array([  -0.61237244,   -0.61237244,    0.5       ,  200.        ,
          0.97908458])], dtype=object), array([ array([   0.61237244,   -0.61237244,    0.5       ,  150.        ,
          0.9541747 ]),
       array([   0.61237244,   -0.61237244,    0.5       ,  200.        ]),
       array([-0.11036003]),
       array([   0.61237244,   -0.61237244,    0.5       ,  200.        ,
          0.96286229])], dtype=object), array([ array([   0.        ,    0.8660254 ,    0.5       ,  200.        ,
          0.97569475]),
       array([   0.       ,    0.8660254,    0.5      ,  250.       ]),
       array([-0.10723192]),
       array([   0.        ,    0.8660254 ,    0.5       ,  250.        ,
          0.98751045])], dtype=object), array([ array([   0.8660254 ,    0.        ,    0.5       ,  200.        ,
          0.95809904]),
       array([   0.8660254,    0.       ,    0.5      ,  250.       ]),
       array([-0.1086189]),
       array([   0.8660254 ,    0.        ,    0.5       ,  250.        ,
          0.96852776])], dtype=object), array([ array([  -0.8660254 ,    0.        ,    0.5       ,  200.        ,
          0.95596256]),
       array([  -0.8660254,    0.       ,    0.5      ,  250.       ]),
       array([-0.10728868]),
       array([  -0.8660254 ,    0.        ,    0.5       ,  250.        ,
          0.96772149])], dtype=object), array([ array([   0.        ,   -0.8660254 ,    0.5       ,  200.        ,
          0.98976599]),
       array([   0.       ,   -0.8660254,    0.5      ,  250.       ]),
       array([-0.11352833]),
       array([   0.        ,   -0.8660254 ,    0.5       ,  250.        ,
          0.99528527])], dtype=object), array([ array([  -0.61237244,   -0.61237244,    0.5       ,  200.        ,
          0.97908458]),
       array([  -0.61237244,   -0.61237244,    0.5       ,  250.        ]),
       array([-0.10584845]),
       array([  -0.61237244,   -0.61237244,    0.5       ,  250.        ,
          0.99228375])], dtype=object), array([ array([   0.61237244,   -0.61237244,    0.5       ,  200.        ,
          0.96286229]),
       array([   0.61237244,   -0.61237244,    0.5       ,  250.        ]),
       array([-0.11410001]),
       array([   0.61237244,   -0.61237244,    0.5       ,  250.        ,
          0.96780991])], dtype=object), array([ array([   0.        ,    0.8660254 ,    0.5       ,  250.        ,
          0.98751045]),
       array([   0.       ,    0.8660254,    0.5      ,  300.       ]),
       array([-0.10777546]),
       array([   0.        ,    0.8660254 ,    0.5       ,  300.        ,
          0.99878261])], dtype=object), array([ array([   0.8660254 ,    0.        ,    0.5       ,  250.        ,
          0.96852776]),
       array([   0.8660254,    0.       ,    0.5      ,  300.       ]),
       array([-0.10699983]),
       array([   0.8660254 ,    0.        ,    0.5       ,  300.        ,
          0.98057555])], dtype=object), array([ array([  -0.8660254 ,    0.        ,    0.5       ,  250.        ,
          0.96772149]),
       array([  -0.8660254,    0.       ,    0.5      ,  300.       ]),
       array([-0.09373938]),
       array([  -0.8660254 ,    0.        ,    0.5       ,  300.        ,
          0.99302973])], dtype=object), array([ array([   0.        ,   -0.8660254 ,    0.5       ,  250.        ,
          0.99528527]),
       array([   0.       ,   -0.8660254,    0.5      ,  300.       ]),
       array([-0.11641759]),
       array([   0.       ,   -0.8660254,    0.5      ,  300.       ,    0.9979153])], dtype=object), array([ array([  -0.61237244,   -0.61237244,    0.5       ,  250.        ,
          0.99228375]),
       array([  -0.61237244,   -0.61237244,    0.5       ,  300.        ]),
       array([-0.11318559]),
       array([  -0.61237244,   -0.61237244,    0.5       ,  300.        ,
          0.99814578])], dtype=object), array([ array([   0.61237244,   -0.61237244,    0.5       ,  250.        ,
          0.96780991]),
       array([   0.61237244,   -0.61237244,    0.5       ,  300.        ]),
       array([-0.10428665]),
       array([   0.61237244,   -0.61237244,    0.5       ,  300.        ,
          0.98257087])], dtype=object), array([ array([   0.        ,    0.8660254 ,    0.5       ,  300.        ,
          0.99878261]),
       array([   0.       ,    0.8660254,    0.5      ,  350.       ]),
       array([-0.11974152]),
       array([   0.        ,    0.8660254 ,    0.5       ,  350.        ,
          0.99808871])], dtype=object), array([ array([   0.8660254 ,    0.        ,    0.5       ,  300.        ,
          0.98057555]),
       array([   0.8660254,    0.       ,    0.5      ,  350.       ]),
       array([-0.10464031]),
       array([   0.8660254 ,    0.        ,    0.5       ,  350.        ,
          0.99498286])], dtype=object), array([ array([  -0.8660254 ,    0.        ,    0.5       ,  300.        ,
          0.99302973]),
       array([  -0.8660254,    0.       ,    0.5      ,  350.       ]),
       array([-0.1124508]),
       array([  -0.8660254 ,    0.        ,    0.5       ,  350.        ,
          0.99962655])], dtype=object), array([ array([   0.       ,   -0.8660254,    0.5      ,  300.       ,    0.9979153]),
       array([   0.       ,   -0.8660254,    0.5      ,  350.       ]),
       array([-0.12067251]),
       array([   0.        ,   -0.8660254 ,    0.5       ,  350.        ,
          0.99629041])], dtype=object), array([ array([  -0.61237244,   -0.61237244,    0.5       ,  300.        ,
          0.99814578]),
       array([  -0.61237244,   -0.61237244,    0.5       ,  350.        ]),
       array([-0.12150952]),
       array([  -0.61237244,   -0.61237244,    0.5       ,  350.        ,
          0.99568387])], dtype=object), array([ array([   0.61237244,   -0.61237244,    0.5       ,  300.        ,
          0.98257087]),
       array([   0.61237244,   -0.61237244,    0.5       ,  350.        ]),
       array([-0.11091613]),
       array([   0.61237244,   -0.61237244,    0.5       ,  350.        ,
          0.99070236])], dtype=object), array([ array([   0.        ,    0.8660254 ,    0.5       ,  350.        ,
          0.99808871]),
       array([   0.       ,    0.8660254,    0.5      ,  400.       ]),
       array([-0.12100185]),
       array([   0.        ,    0.8660254 ,    0.5       ,  400.        ,
          0.99613448])], dtype=object), array([ array([   0.8660254 ,    0.        ,    0.5       ,  350.        ,
          0.99498286]),
       array([   0.8660254,    0.       ,    0.5      ,  400.       ]),
       array([-0.11437836]),
       array([   0.8660254 ,    0.        ,    0.5       ,  400.        ,
          0.99965211])], dtype=object), array([ array([  -0.8660254 ,    0.        ,    0.5       ,  350.        ,
          0.99962655]),
       array([  -0.8660254,    0.       ,    0.5      ,  400.       ]),
       array([-0.12060827]),
       array([  -0.8660254,    0.       ,    0.5      ,  400.       ,    0.9980659])], dtype=object), array([ array([   0.        ,   -0.8660254 ,    0.5       ,  350.        ,
          0.99629041]),
       array([   0.       ,   -0.8660254,    0.5      ,  400.       ]),
       array([-0.12119867]),
       array([   0.        ,   -0.8660254 ,    0.5       ,  400.        ,
          0.99413936])], dtype=object), array([ array([  -0.61237244,   -0.61237244,    0.5       ,  350.        ,
          0.99568387]),
       array([  -0.61237244,   -0.61237244,    0.5       ,  400.        ]),
       array([-0.12135008]),
       array([  -0.61237244,   -0.61237244,    0.5       ,  400.        ,
          0.99338142])], dtype=object), array([ array([   0.61237244,   -0.61237244,    0.5       ,  350.        ,
          0.99070236]),
       array([   0.61237244,   -0.61237244,    0.5       ,  400.        ]),
       array([-0.11011756]),
       array([   0.61237244,   -0.61237244,    0.5       ,  400.        ,
          0.99963242])], dtype=object), array([array([ 0.        ,  0.8660254 ,  0.5       ,  0.        ,  0.70505403]),
       array([   0.       ,    0.8660254,    0.5      ,  200.       ]),
       array([-0.20554976]),
       array([   0.        ,    0.8660254 ,    0.5       ,  200.        ,
          0.97569475])], dtype=object), array([array([ 0.8660254 ,  0.        ,  0.5       ,  0.        ,  0.70505403]),
       array([   0.8660254,    0.       ,    0.5      ,  200.       ]),
       array([-0.22314547]),
       array([   0.8660254 ,    0.        ,    0.5       ,  200.        ,
          0.95809904])], dtype=object), array([array([-0.8660254 ,  0.        ,  0.5       ,  0.        ,  0.70505403]),
       array([  -0.8660254,    0.       ,    0.5      ,  200.       ]),
       array([-0.22528195]),
       array([  -0.8660254 ,    0.        ,    0.5       ,  200.        ,
          0.95596256])], dtype=object), array([array([ 0.        , -0.8660254 ,  0.5       ,  0.        ,  0.70505403]),
       array([   0.       ,   -0.8660254,    0.5      ,  200.       ]),
       array([-0.19147852]),
       array([   0.        ,   -0.8660254 ,    0.5       ,  200.        ,
          0.98976599])], dtype=object), array([array([-0.61237244, -0.61237244,  0.5       ,  0.        ,  0.70505403]),
       array([  -0.61237244,   -0.61237244,    0.5       ,  200.        ]),
       array([-0.20215993]),
       array([  -0.61237244,   -0.61237244,    0.5       ,  200.        ,
          0.97908458])], dtype=object), array([array([ 0.61237244, -0.61237244,  0.5       ,  0.        ,  0.70505403]),
       array([   0.61237244,   -0.61237244,    0.5       ,  200.        ]),
       array([-0.21838222]),
       array([   0.61237244,   -0.61237244,    0.5       ,  200.        ,
          0.96286229])], dtype=object), array([ array([   0.        ,    0.8660254 ,    0.5       ,  200.        ,
          0.97569475]),
       array([   0.       ,    0.8660254,    0.5      ,  400.       ]),
       array([-0.45575074]),
       array([   0.        ,    0.8660254 ,    0.5       ,  400.        ,
          0.99613448])], dtype=object), array([ array([   0.8660254 ,    0.        ,    0.5       ,  200.        ,
          0.95809904]),
       array([   0.8660254,    0.       ,    0.5      ,  400.       ]),
       array([-0.4346374]),
       array([   0.8660254 ,    0.        ,    0.5       ,  400.        ,
          0.99965211])], dtype=object), array([ array([  -0.8660254 ,    0.        ,    0.5       ,  200.        ,
          0.95596256]),
       array([  -0.8660254,    0.       ,    0.5      ,  400.       ]),
       array([-0.43408713]),
       array([  -0.8660254,    0.       ,    0.5      ,  400.       ,    0.9980659])], dtype=object), array([ array([   0.        ,   -0.8660254 ,    0.5       ,  200.        ,
          0.98976599]),
       array([   0.       ,   -0.8660254,    0.5      ,  400.       ]),
       array([-0.4718171]),
       array([   0.        ,   -0.8660254 ,    0.5       ,  400.        ,
          0.99413936])], dtype=object), array([ array([  -0.61237244,   -0.61237244,    0.5       ,  200.        ,
          0.97908458]),
       array([  -0.61237244,   -0.61237244,    0.5       ,  400.        ]),
       array([-0.46189364]),
       array([  -0.61237244,   -0.61237244,    0.5       ,  400.        ,
          0.99338142])], dtype=object), array([ array([   0.61237244,   -0.61237244,    0.5       ,  200.        ,
          0.96286229]),
       array([   0.61237244,   -0.61237244,    0.5       ,  400.        ]),
       array([-0.43942035]),
       array([   0.61237244,   -0.61237244,    0.5       ,  400.        ,
          0.99963242])], dtype=object), array([array([ 0.        ,  0.8660254 ,  0.5       ,  0.        ,  0.70505403]),
       array([   0.       ,    0.8660254,    0.5      ,  400.       ]),
       array([-0.66130051]),
       array([   0.        ,    0.8660254 ,    0.5       ,  400.        ,
          0.99613448])], dtype=object), array([array([ 0.8660254 ,  0.        ,  0.5       ,  0.        ,  0.70505403]),
       array([   0.8660254,    0.       ,    0.5      ,  400.       ]),
       array([-0.65778287]),
       array([   0.8660254 ,    0.        ,    0.5       ,  400.        ,
          0.99965211])], dtype=object), array([array([-0.8660254 ,  0.        ,  0.5       ,  0.        ,  0.70505403]),
       array([  -0.8660254,    0.       ,    0.5      ,  400.       ]),
       array([-0.65936908]),
       array([  -0.8660254,    0.       ,    0.5      ,  400.       ,    0.9980659])], dtype=object), array([array([ 0.        , -0.8660254 ,  0.5       ,  0.        ,  0.70505403]),
       array([   0.       ,   -0.8660254,    0.5      ,  400.       ]),
       array([-0.66329563]),
       array([   0.        ,   -0.8660254 ,    0.5       ,  400.        ,
          0.99413936])], dtype=object), array([array([-0.61237244, -0.61237244,  0.5       ,  0.        ,  0.70505403]),
       array([  -0.61237244,   -0.61237244,    0.5       ,  400.        ]),
       array([-0.66405357]),
       array([  -0.61237244,   -0.61237244,    0.5       ,  400.        ,
          0.99338142])], dtype=object), array([array([ 0.61237244, -0.61237244,  0.5       ,  0.        ,  0.70505403]),
       array([   0.61237244,   -0.61237244,    0.5       ,  400.        ]),
       array([-0.65780256]),
       array([   0.61237244,   -0.61237244,    0.5       ,  400.        ,
          0.99963242])], dtype=object)]